shade_wo_archive, std
16714.873939
 12731.041133
 10962.584375
 8885.312951
 7736.281933
 5790.253585
 5602.627079
 5157.863507
 4746.403243
 4145.995963
 3895.852378
 3495.173325
 2786.147192
 2503.722779
 2214.925716
 1843.618707
 1485.070150
 1246.073802
 1059.059819
 837.614692
 818.783759
 758.013027
 581.211203
 412.126365
 330.215730
 260.343601
 237.603545
 204.359980
 185.720987
 119.784865
 93.480138
 83.446990
 69.865790
 57.902240
 45.238894
 41.593344
 37.914061
 35.013607
 21.819119
 22.236728
 17.637315
 13.583743
 12.469134
 9.199563
 8.313753
 7.600530
 6.125685
 4.811498
 3.903126
 3.218569
 2.879953
 2.634530
 2.450691
 2.325484
 1.396453
 1.361205
 1.216119
 1.084746
 0.703905
 0.588173
 0.317137
 0.274846
 0.258262
 0.237213
 0.219476
 0.208856
 0.195636
 0.172049
 0.123795
 0.117172
 0.092582
 0.072406
 0.061262
 0.049572
 0.039208
 0.036985
 0.030564
 0.021134
 0.017578
 0.016091
 0.013337
 0.013161
 0.011958
 0.009161
 0.007959
 0.006104
 0.004642
 0.004169
 0.003150
 0.002741
 0.002126
 0.001816
 0.001703
 0.001429
 0.001240
 0.000858
 0.000818
 0.000748
 0.000619
 0.000545
 0.000471
 0.000369
 0.000327
 0.000194
 0.000179
 0.000157
 0.000145
 0.000118
 0.000108
 0.000095
 0.000058
 0.000057
 0.000042
 0.000033
 0.000029
 0.000027
 0.000027
 0.000025
 0.000022
 0.000015
 0.000014
 0.000012
 0.000012
 0.000009
 0.000007
 0.000006
 0.000005
 0.000004
 0.000003
 0.000003
 0.000003
 0.000002
 0.000002
 0.000002
 0.000001
 0.000001
 0.000001
 0.000001
 0.000001
 0.000001
 0.000001
 0.000000
 0.000000
 0.000000
 0.000000
 0.000000
 0.000000
 0.000000
 0.000000
 0.000000
 0.000000
 0.000000
 0.000000
 0.000000
 0.000000
 0.000000
 0.000000
 0.000000
 0.000000
 0.000000
 0.000000
 0.000000
 0.000000
 0.000000
 0.000000
 0.000000
 0.000000
 0.000000
 0.000000
 0.000000
 0.000000
 0.000000
 0.000000
 0.000000
 0.000000
 0.000000
 0.000000
 0.000000
 0.000000
 0.000000
 0.000000
 0.000000
 0.000000
 0.000000
 0.000000
 0.000000
 0.000000
 0.000000
 0.000000
 0.000000
 0.000000
 0.000000
 0.000000
 0.000000
 0.000000
 0.000000
 0.000000
 0.000000
 0.000000
 0.000000
 0.000000
 0.000000
 0.000000
 0.000000
 0.000000
 0.000000
 0.000000
 0.000000
 0.000000
 0.000000
 0.000000
 0.000000
 0.000000
 0.000000
 0.000000
 0.000000
 0.000000
 0.000000
 0.000000
 0.000000
 0.000000
 0.000000
 0.000000
 0.000000
 0.000000
 0.000000
 0.000000
 0.000000
 0.000000
 0.000000
 0.000000
 0.000000
 0.000000
 0.000000
 0.000000
 0.000000
 0.000000
 0.000000
 0.000000
 0.000000
 0.000000
 0.000000
 0.000000
 0.000000
 0.000000
 0.000000
 0.000000
 0.000000
 0.000000
 0.000000
 0.000000
 0.000000
 0.000000
 0.000000
 0.000000
 0.000000
 0.000000
 0.000000
 0.000000
 0.000000
 0.000000
 0.000000
 0.000000
 0.000000
 0.000000
 0.000000
 0.000000
 0.000000
 0.000000
 0.000000
 0.000000
 0.000000
 0.000000
 0.000000
 0.000000
 0.000000
 0.000000
 0.000000
 0.000000
 0.000000
 0.000000
 0.000000
 0.000000
 0.000000
 0.000000
 0.000000
 0.000000
 0.000000
 0.000000
 0.000000
 0.000000
 0.000000
 0.000000
 0.000000
 0.000000
 0.000000
 0.000000
 0.000000
 0.000000
 0.000000
 0.000000
 0.000000
 0.000000
 0.000000
 0.000000
 0.000000
 0.000000
 0.000000
 0.000000
 0.000000
 0.000000
 0.000000
 0.000000
 0.000000
 0.000000
 0.000000
 0.000000
 0.000000
 0.000000
 0.000000
 0.000000
 0.000000
 0.000000
 0.000000
 0.000000
 0.000000
 0.000000
 0.000000
 0.000000
 0.000000
 0.000000
 0.000000
 0.000000
 0.000000
 0.000000
 0.000000
 0.000000
 0.000000
 0.000000
 0.000000
 0.000000
 0.000000
 0.000000
 0.000000
 0.000000
 0.000000
 0.000000
 0.000000
 0.000000
 0.000000
 0.000000
 0.000000
 0.000000
 0.000000
 0.000000
 0.000000
 0.000000
 0.000000
 0.000000
 0.000000
 0.000000
 0.000000
 0.000000
 0.000000
 0.000000
 0.000000
 0.000000
 0.000000
 0.000000
 0.000000
 0.000000
 0.000000
 0.000000
 0.000000
 0.000000
 0.000000
 0.000000
 0.000000
 0.000000
 0.000000
 0.000000
 0.000000
 0.000000
 0.000000
 0.000000
 0.000000
 0.000000
 0.000000
 0.000000
 0.000000
 0.000000
 0.000000
 0.000000
 0.000000
 0.000000
 0.000000
 0.000000
 0.000000
 0.000000
 0.000000
 0.000000
 0.000000
 0.000000
 0.000000
 0.000000
 0.000000
 0.000000
 0.000000
 0.000000
 0.000000
 0.000000
 0.000000
 0.000000
 0.000000
 0.000000
 0.000000
 0.000000
 0.000000
 0.000000
 0.000000
 0.000000
 0.000000
 0.000000
 0.000000
 0.000000
 0.000000
 0.000000
 0.000000
 0.000000
 0.000000
 0.000000
 0.000000
 0.000000
 0.000000
 0.000000
 0.000000
 0.000000
 0.000000
 0.000000
 0.000000
 0.000000
 0.000000
 0.000000
 0.000000
 0.000000
 0.000000
 0.000000
 0.000000
 0.000000
 0.000000
 0.000000
 0.000000
 0.000000
 0.000000
 0.000000
 0.000000
 0.000000
 0.000000
 0.000000
 0.000000
 0.000000
 0.000000
 0.000000
 0.000000
 0.000000
 0.000000
 0.000000
 0.000000
 0.000000
 0.000000
 0.000000
 0.000000
 0.000000
 0.000000
 0.000000
 0.000000
 0.000000
 0.000000
 0.000000
 0.000000
 0.000000
 0.000000
 0.000000
 0.000000
 0.000000
 0.000000
 0.000000
 0.000000
 0.000000
 0.000000
 0.000000
 0.000000
 0.000000
 0.000000
 0.000000
 0.000000
 0.000000
 0.000000
 0.000000
 0.000000
 0.000000
 0.000000
 0.000000
 0.000000
 0.000000
 0.000000
 0.000000
 0.000000
 0.000000
 0.000000
 0.000000
 0.000000
 0.000000
 0.000000
 0.000000
 0.000000
 0.000000
 0.000000
 0.000000
 0.000000
 0.000000
 0.000000
 0.000000
 0.000000
 0.000000
 0.000000
 0.000000
 0.000000
 0.000000
 0.000000
 0.000000
 0.000000
 0.000000
 0.000000
 0.000000
 0.000000
 0.000000
 0.000000
 0.000000
 0.000000
 0.000000
 0.000000
 0.000000
 0.000000
 0.000000
 0.000000
 0.000000
 0.000000
 0.000000
 0.000000
 0.000000
 0.000000
 0.000000
 0.000000
 0.000000
 0.000000
 0.000000
 0.000000
 0.000000
 0.000000
 0.000000
 0.000000
 0.000000
 0.000000
 0.000000
 0.000000
 0.000000
 0.000000
 0.000000
 0.000000
 0.000000
 0.000000
 0.000000
 0.000000
 0.000000
 0.000000
 0.000000
 0.000000
 0.000000
 0.000000
 0.000000
 0.000000
 0.000000
 0.000000
 0.000000
 0.000000
 0.000000
 0.000000
 0.000000
 0.000000
 0.000000
 0.000000
 0.000000
 0.000000
 0.000000
 0.000000
 0.000000
 0.000000
 0.000000
 0.000000
 0.000000
 0.000000
 0.000000
 0.000000
 0.000000
 0.000000
 0.000000
 0.000000
 0.000000
 0.000000
 0.000000
 0.000000
 0.000000
 0.000000
 0.000000
 0.000000
 0.000000
 0.000000
 0.000000
 0.000000
 0.000000
 0.000000
 0.000000
 0.000000
 0.000000
 0.000000
 0.000000
 0.000000
 0.000000
 0.000000
 0.000000
 0.000000
 0.000000
 0.000000
 0.000000
 0.000000
 0.000000
 0.000000
 0.000000
 0.000000
 0.000000
 0.000000
 0.000000
 0.000000
 0.000000
 0.000000
 0.000000
 0.000000
 0.000000
 0.000000
 0.000000
 0.000000
 0.000000
 0.000000
 0.000000
 0.000000
 0.000000
 0.000000
 0.000000
 0.000000
 0.000000
 0.000000
 0.000000
 0.000000
 0.000000
 0.000000
 0.000000
 0.000000
 0.000000
 0.000000
 0.000000
 0.000000
 0.000000
 0.000000
 0.000000
 0.000000
 0.000000
 0.000000
 0.000000
 0.000000
 0.000000
 0.000000
 0.000000
 0.000000
 0.000000
 0.000000
 0.000000
 0.000000
 0.000000
 0.000000
 0.000000
 0.000000
 0.000000
 0.000000
 0.000000
 0.000000
 0.000000
 0.000000
 0.000000
 0.000000
 0.000000
 0.000000
 0.000000
 0.000000
 0.000000
 0.000000
 0.000000
 0.000000
 0.000000
 0.000000
 0.000000
 0.000000
 0.000000
 0.000000
 0.000000
 0.000000
 0.000000
 0.000000
 0.000000
 0.000000
 0.000000
 0.000000
 0.000000
 0.000000
 0.000000
 0.000000
 0.000000
 0.000000
 0.000000
 0.000000
 0.000000
 0.000000
 0.000000
 0.000000
 0.000000
 0.000000
 0.000000
 0.000000
 0.000000
 0.000000
 0.000000
 0.000000
 0.000000
 0.000000
 0.000000
 0.000000
 0.000000
 0.000000
 0.000000
 0.000000
 0.000000
 0.000000
 0.000000
 0.000000
 0.000000
 0.000000
 0.000000
 0.000000
 0.000000
 0.000000
 0.000000
 0.000000
 0.000000
 0.000000
 0.000000
 0.000000
 0.000000
 0.000000
 0.000000
 0.000000
 0.000000
 0.000000
 0.000000
 0.000000
 0.000000
 0.000000
 0.000000
 0.000000
 0.000000
 0.000000
 0.000000
 0.000000
 0.000000
 0.000000
 0.000000
 0.000000
 0.000000
 0.000000
 0.000000
 0.000000
 0.000000
 0.000000
 0.000000
 0.000000
 0.000000
 0.000000
 0.000000
 0.000000
 0.000000
 0.000000
 0.000000
 0.000000
 0.000000
 0.000000
 0.000000
 0.000000
 0.000000
 0.000000
 0.000000
 0.000000
 0.000000
 0.000000
 0.000000
 0.000000
 0.000000
 0.000000
 0.000000
 0.000000
 0.000000
 0.000000
 0.000000
 0.000000
 0.000000
 0.000000
 0.000000
 0.000000
 0.000000
 0.000000
 0.000000
 0.000000
 0.000000
 0.000000
 0.000000
 0.000000
 0.000000
 0.000000
 0.000000
 0.000000
 0.000000
 0.000000
 0.000000
 0.000000
 0.000000
 0.000000
 0.000000
 0.000000
 0.000000
 0.000000
 0.000000
 0.000000
 0.000000
 0.000000
 0.000000
 0.000000
 0.000000
 0.000000
 0.000000
 0.000000
 0.000000
 0.000000
 0.000000
 0.000000
 0.000000
 0.000000
 0.000000
 0.000000
 0.000000
 0.000000
 0.000000
 0.000000
 0.000000
 0.000000
 0.000000
 0.000000
 0.000000
 0.000000
 0.000000
 0.000000
 0.000000
 0.000000
 0.000000
 0.000000
 0.000000
 0.000000
 0.000000
 0.000000
 0.000000
 0.000000
 0.000000
 0.000000
 0.000000
 0.000000
 0.000000
 0.000000
 0.000000
 0.000000
 0.000000
 0.000000
 0.000000
 0.000000
 0.000000
 0.000000
 0.000000
 0.000000
 0.000000
 0.000000
 0.000000
 0.000000
 0.000000
 0.000000
 0.000000
 0.000000
 0.000000
 0.000000
 0.000000
 0.000000
 0.000000
 0.000000
 0.000000
 0.000000
 0.000000
 0.000000
 0.000000
 0.000000
 0.000000
 0.000000
 0.000000
 0.000000
 0.000000
 0.000000
 0.000000
 0.000000
 0.000000
 0.000000
 0.000000
 0.000000
 0.000000
 0.000000
 0.000000
 0.000000
 0.000000
 0.000000
 0.000000
 0.000000
 0.000000
 0.000000
 0.000000
 0.000000
 0.000000
 0.000000
 0.000000
 0.000000
 0.000000
 0.000000
 0.000000
 0.000000
 0.000000
 0.000000
 0.000000
 0.000000
 0.000000
 0.000000
 0.000000
 0.000000
 0.000000
 0.000000
 0.000000
 0.000000
 0.000000
 0.000000
 0.000000
 0.000000
 0.000000
 0.000000
 0.000000
 0.000000
 0.000000
 0.000000
 0.000000
 0.000000
 0.000000
 0.000000
 0.000000
 0.000000
 0.000000
 0.000000
 0.000000
 0.000000
 0.000000
 0.000000
 0.000000
 0.000000
 0.000000
 0.000000
 0.000000
 0.000000
 0.000000
 0.000000
 0.000000
 0.000000
 0.000000
 0.000000
 0.000000
 0.000000
 0.000000
 0.000000
 0.000000
 0.000000
 0.000000
 0.000000
 0.000000
 0.000000
 0.000000
 0.000000
 0.000000
 0.000000
 0.000000
 0.000000
 0.000000
 0.000000
 0.000000
 0.000000
 0.000000
 0.000000
 0.000000
 0.000000
 0.000000
 0.000000
 0.000000
 0.000000
 0.000000
 0.000000
 0.000000
 0.000000
 0.000000
 0.000000
 0.000000
 0.000000
 0.000000
 0.000000
 0.000000
 0.000000
 0.000000
 0.000000
 0.000000
 0.000000
 0.000000
 0.000000
 0.000000
 0.000000
 0.000000
 0.000000
 0.000000
 0.000000
 0.000000
 0.000000
 0.000000
 0.000000
 0.000000
 0.000000
 0.000000
 0.000000
 0.000000
 0.000000
 0.000000
 0.000000
 0.000000
 0.000000
 0.000000
 0.000000
 0.000000
 0.000000
 0.000000
 0.000000
 0.000000
 0.000000
 0.000000
 0.000000
 0.000000
 0.000000
 0.000000
 0.000000
 0.000000
 0.000000
 0.000000
 0.000000
 0.000000
 0.000000
 0.000000
 0.000000
 0.000000
 0.000000
 0.000000
 0.000000
 0.000000
 0.000000
 0.000000
 0.000000
 0.000000
 0.000000
 0.000000
 0.000000
 0.000000
 0.000000
 0.000000
 0.000000
 0.000000
 0.000000
 0.000000
 0.000000
 0.000000
 0.000000
 0.000000
 0.000000
 0.000000
 0.000000
 0.000000
 0.000000
 0.000000
 0.000000
 0.000000
 0.000000
 0.000000
 0.000000
 0.000000
 0.000000
 0.000000
 0.000000
 0.000000
 0.000000
 0.000000
 0.000000
 0.000000
 0.000000
 0.000000
 0.000000
 0.000000
 0.000000
 0.000000
 0.000000
 0.000000
 0.000000
 0.000000
 0.000000
 0.000000
 0.000000
 0.000000
 0.000000
 0.000000
 0.000000
 0.000000
 0.000000
 0.000000
 0.000000
 0.000000
 0.000000
 0.000000
 0.000000
 0.000000
 0.000000
 0.000000
 0.000000
 0.000000
 0.000000
 0.000000
 0.000000
 0.000000
 0.000000
 0.000000
 0.000000
 0.000000
 0.000000
 0.000000
 0.000000
 0.000000
 0.000000
 0.000000
 0.000000
 0.000000
 0.000000
 0.000000
 0.000000
 0.000000
 0.000000
 0.000000
 0.000000
 0.000000
 0.000000
 0.000000
 0.000000
 0.000000
 0.000000
 0.000000
 0.000000
 0.000000
 0.000000
 0.000000
 0.000000
 0.000000
 0.000000
 0.000000
 0.000000
 0.000000
 0.000000
 0.000000
 0.000000
 0.000000
 0.000000
 0.000000
 0.000000
 0.000000
 0.000000
 0.000000
 0.000000
 0.000000
 0.000000
 0.000000
 0.000000
 0.000000
 0.000000
 0.000000
 0.000000
 0.000000
 0.000000
 0.000000
 0.000000
 0.000000
 0.000000
 0.000000
 0.000000
 0.000000
 0.000000
 0.000000
 0.000000
 0.000000
 0.000000
 0.000000
 0.000000
 0.000000
 0.000000
 0.000000
 0.000000
 0.000000
 0.000000
 0.000000
 0.000000
 0.000000
 0.000000
 0.000000
 0.000000
 0.000000
 0.000000
 0.000000
 0.000000
 0.000000
 0.000000
 0.000000
 0.000000
 0.000000
 0.000000
 0.000000
 0.000000
 0.000000
 0.000000
 0.000000
 0.000000
 0.000000
 0.000000
 0.000000
 0.000000
 0.000000
 0.000000
 0.000000
 0.000000
 0.000000
 0.000000
 0.000000
 0.000000
 0.000000
 0.000000
 0.000000
 0.000000
 0.000000
 0.000000
 0.000000
 0.000000
 0.000000
 0.000000
 0.000000
 0.000000
 0.000000
 0.000000
 0.000000
 0.000000
 0.000000
 0.000000
 0.000000
 0.000000
 0.000000
 0.000000
 0.000000
 0.000000
 0.000000
 0.000000
 0.000000
 0.000000
 0.000000
 0.000000
 0.000000
 0.000000
 0.000000
 0.000000
 0.000000
 0.000000
 0.000000
 0.000000
 0.000000
 0.000000
 0.000000
 0.000000
 0.000000
 0.000000
 0.000000
 0.000000
 0.000000
 0.000000
 0.000000
 0.000000
 0.000000
 0.000000
 0.000000
 0.000000
 0.000000
 0.000000
 0.000000
 0.000000
 0.000000
 0.000000
 0.000000
 0.000000
 0.000000
 0.000000
 0.000000
 0.000000
 0.000000
 0.000000
 0.000000
 0.000000
 0.000000
 0.000000
 0.000000
 0.000000
 0.000000
 0.000000
 0.000000
 0.000000
 0.000000
 0.000000
 0.000000
 0.000000
 0.000000
 0.000000
 0.000000
 0.000000
 0.000000
 0.000000
 0.000000
 0.000000
 0.000000
 0.000000
 0.000000
 0.000000
 0.000000
 0.000000
 0.000000
 0.000000
 0.000000
 0.000000
 0.000000
 0.000000
 0.000000
 0.000000
 0.000000
 0.000000
 0.000000
 0.000000
 0.000000
 0.000000
 0.000000
 0.000000
 0.000000
 0.000000
 0.000000
 0.000000
 0.000000
 0.000000
 0.000000
 0.000000
 0.000000
 0.000000
 0.000000
 0.000000
 0.000000
 0.000000
 0.000000
 0.000000
 0.000000
 0.000000
 0.000000
 0.000000
 0.000000
 0.000000
 0.000000
 0.000000
 0.000000
 0.000000
 0.000000
 0.000000
 0.000000
 0.000000
 0.000000
 0.000000
 0.000000
 0.000000
 0.000000
 0.000000
 0.000000
 0.000000
 0.000000
 0.000000
 0.000000
 0.000000
 0.000000
 0.000000
 0.000000
 0.000000
 0.000000
 0.000000
 0.000000
 0.000000
 0.000000
 0.000000
 0.000000
 0.000000
 0.000000
 0.000000
 0.000000
 0.000000
 0.000000
 0.000000
 0.000000
 0.000000
 0.000000
 0.000000
 0.000000
 0.000000
 0.000000
 0.000000
 0.000000
 0.000000
 0.000000
 0.000000
 0.000000
 0.000000
 0.000000
 0.000000
 0.000000
 0.000000
 0.000000
 0.000000
 0.000000
 0.000000
 0.000000
 0.000000
 0.000000
 0.000000
 0.000000
 0.000000
 0.000000
 0.000000
 0.000000
 0.000000
 0.000000
 0.000000
 0.000000
 0.000000
 0.000000
 0.000000
 0.000000
 0.000000
 0.000000
 0.000000
 0.000000
 0.000000
 0.000000
 0.000000
 0.000000
 0.000000
 0.000000
 0.000000
 0.000000
 0.000000
 0.000000
 0.000000
 0.000000
 0.000000
 0.000000
 0.000000
 0.000000
 0.000000
 0.000000
 0.000000
 0.000000
 0.000000
 0.000000
 0.000000
 0.000000
 0.000000
 0.000000
 0.000000
 0.000000
 0.000000
 0.000000
 0.000000
 0.000000
 0.000000
 0.000000
 0.000000
 0.000000
 0.000000
 0.000000
 0.000000
 0.000000
 0.000000
 0.000000
 0.000000
 0.000000
 0.000000
 0.000000
 0.000000
 0.000000
 0.000000
 0.000000
 0.000000
 0.000000
 0.000000
 0.000000
 0.000000
 0.000000
 0.000000
 0.000000
 0.000000
 0.000000
 0.000000
 0.000000
 0.000000
 0.000000
 0.000000
 0.000000
 0.000000
 0.000000
 0.000000
 0.000000
 0.000000
 0.000000
 0.000000
 0.000000
 0.000000
 0.000000
 0.000000
 0.000000
 0.000000
 0.000000
 0.000000
 0.000000
 0.000000
 0.000000
 0.000000
 0.000000
 0.000000
 0.000000
 0.000000
 0.000000
 0.000000
 0.000000
 0.000000
 0.000000
 0.000000
 0.000000
 0.000000
 0.000000
 0.000000
 0.000000
 0.000000
 0.000000
 0.000000
 0.000000
 0.000000
 0.000000
 0.000000
 0.000000
 0.000000
 0.000000
 0.000000
 0.000000
 0.000000
 0.000000
 0.000000
 0.000000
 0.000000
 0.000000
 0.000000
 0.000000
 0.000000
 0.000000
 0.000000
 0.000000
 0.000000
 0.000000
 0.000000
 0.000000
 0.000000
 0.000000
 0.000000
 0.000000
 0.000000
 0.000000
 0.000000
 0.000000
 0.000000
 0.000000
 0.000000
 0.000000
 0.000000
 0.000000
 0.000000
 0.000000
 0.000000
 0.000000
 0.000000
 0.000000
 0.000000
 0.000000
 0.000000
 0.000000
 0.000000
 0.000000
 0.000000
 0.000000
 0.000000
 0.000000
 0.000000
 0.000000
 0.000000
 0.000000
 0.000000
 0.000000
 0.000000
 0.000000
 0.000000
 0.000000
 0.000000
 0.000000
 0.000000
 0.000000
 0.000000
 0.000000
 0.000000
 0.000000
 0.000000
 0.000000
 0.000000
 0.000000
 0.000000
 0.000000
 0.000000
 0.000000
 0.000000
 0.000000
 0.000000
 0.000000
 0.000000
 0.000000
 0.000000
 0.000000
 0.000000
 0.000000
 0.000000
 0.000000
 0.000000
 0.000000
 0.000000
 0.000000
 0.000000
 0.000000
 0.000000
 0.000000
 0.000000
 0.000000
 0.000000
 0.000000
 0.000000
 0.000000
 0.000000
 0.000000
 0.000000
 0.000000
 0.000000
 0.000000
 0.000000
 0.000000
 0.000000
 0.000000
 0.000000
 0.000000
 0.000000
 0.000000
 0.000000
 0.000000
 0.000000
 0.000000
 0.000000
 0.000000
 0.000000
 0.000000
 0.000000
 0.000000
 0.000000
 0.000000
 0.000000
 0.000000
 0.000000
 0.000000
 0.000000
 0.000000
 0.000000
 0.000000
 0.000000
 0.000000
 0.000000
 0.000000
 0.000000
 0.000000
 0.000000
 0.000000
 0.000000
 0.000000
 0.000000
 0.000000
 0.000000
 0.000000
 0.000000
 0.000000
 0.000000
 0.000000
 0.000000
 0.000000
 0.000000
 0.000000
 0.000000
 0.000000
 0.000000
 0.000000
 0.000000
 0.000000
 0.000000
 0.000000
 0.000000
 0.000000
 0.000000
 0.000000
 0.000000
 0.000000
 0.000000
 0.000000
 0.000000
 0.000000
 0.000000
 0.000000
 0.000000
 0.000000
 0.000000
 0.000000
 0.000000
 0.000000
 0.000000
 0.000000
 0.000000
 0.000000
 0.000000
 0.000000
 0.000000
 0.000000
 0.000000
 0.000000
 0.000000
 0.000000
 0.000000
 0.000000
 0.000000
 0.000000
 0.000000
 0.000000
 0.000000
 0.000000
 0.000000
 0.000000
 0.000000
 0.000000
 0.000000
 0.000000
 0.000000
 0.000000
 0.000000
 0.000000
 0.000000
 0.000000
 0.000000
 0.000000
 0.000000
 0.000000
 0.000000
 0.000000
 0.000000
 0.000000
 0.000000
 0.000000
 0.000000
 0.000000
 0.000000
 0.000000
 0.000000
 0.000000
 0.000000
 0.000000
 0.000000
 0.000000
 0.000000
 0.000000
 0.000000
 0.000000
 0.000000
 0.000000
 0.000000
 0.000000
 0.000000
 0.000000
 0.000000
 0.000000
 0.000000
 0.000000
 0.000000
 0.000000
 0.000000
 0.000000
 0.000000
 0.000000
 0.000000
 0.000000
 0.000000
 0.000000
 0.000000
 0.000000
 0.000000
 0.000000
 0.000000
 0.000000
 0.000000
 0.000000
 0.000000
 0.000000
 0.000000
 0.000000
 0.000000
 0.000000
 0.000000
 0.000000
 0.000000
 0.000000
 0.000000
 0.000000
 0.000000
 0.000000
 0.000000
 0.000000
 0.000000
 0.000000
 0.000000
 0.000000
 0.000000
 0.000000
 0.000000
 0.000000
 0.000000
 0.000000
 0.000000
 0.000000
 0.000000
 0.000000
 0.000000
 0.000000
 0.000000
 0.000000
 0.000000
 0.000000
 0.000000
 0.000000
 0.000000
 0.000000
 0.000000
 0.000000
 0.000000
 0.000000
 0.000000
 0.000000
 0.000000
 0.000000
 0.000000
 0.000000
 0.000000
 0.000000
 0.000000
 0.000000
 0.000000
 0.000000
 0.000000
 0.000000
 0.000000
 0.000000
 0.000000
 0.000000
 0.000000
 0.000000
 0.000000
 0.000000
 0.000000
 0.000000
 0.000000
 0.000000
 0.000000
 0.000000
 0.000000
 0.000000
 0.000000
 0.000000
 0.000000
 0.000000
 0.000000
 0.000000
 0.000000
 0.000000
 0.000000
 0.000000
 0.000000
 0.000000
 0.000000
 0.000000
 0.000000
 0.000000
 0.000000
 0.000000
 0.000000
 0.000000
 0.000000
 0.000000
 0.000000
 0.000000
 0.000000
 0.000000
 0.000000
 0.000000
 0.000000
 0.000000
 0.000000
 0.000000
 0.000000
 0.000000
 0.000000
 0.000000
 0.000000
 0.000000
 0.000000
 0.000000
 0.000000
 0.000000
 0.000000
 0.000000
 0.000000
 0.000000
 0.000000
 0.000000
 0.000000
 0.000000
 0.000000
 0.000000
 0.000000
 0.000000
 0.000000
 0.000000
 