shade_wo_archive, std
655.581579
 560.679605
 493.435223
 479.518928
 449.750815
 388.077506
 346.886530
 333.087922
 327.843878
 323.630958
 348.937667
 357.063180
 329.993721
 368.969327
 383.606072
 350.523672
 348.522703
 339.642707
 347.911472
 342.532244
 371.922753
 370.486590
 367.234735
 355.327341
 371.582610
 373.207190
 361.748893
 361.301258
 345.419582
 370.830863
 349.561104
 342.266462
 336.356984
 338.353596
 331.189837
 318.305705
 318.524058
 314.726717
 314.726717
 305.433106
 290.123066
 284.810274
 278.606141
 288.476997
 288.048437
 277.927064
 277.927064
 279.804658
 278.587626
 275.221262
 284.175716
 286.016308
 286.928304
 279.573857
 274.064208
 275.871918
 281.556342
 284.272424
 280.208832
 265.967483
 263.375513
 249.104620
 249.104620
 246.716395
 263.133861
 258.956349
 254.721483
 248.931247
 266.248897
 261.907151
 280.010136
 288.107181
 290.496693
 298.409999
 301.265524
 301.265524
 298.765273
 299.584435
 302.149520
 304.848175
 295.735847
 295.735847
 292.034189
 296.849754
 296.849754
 295.236879
 290.939177
 304.220778
 319.262069
 325.595133
 321.623320
 313.891406
 312.044402
 313.484365
 331.057805
 332.150031
 331.149040
 326.702689
 318.250826
 314.167087
 309.962476
 309.962476
 309.962476
 309.962476
 317.907446
 316.716526
 312.760570
 312.760570
 306.493923
 304.962679
 304.962679
 305.097147
 305.476691
 283.490401
 283.428044
 294.538907
 295.580307
 291.838042
 289.011324
 298.542636
 298.542636
 296.220587
 306.450696
 304.029490
 306.027231
 306.027231
 308.049185
 304.800322
 303.855411
 303.998317
 303.998317
 298.775758
 298.775758
 293.445059
 289.686939
 289.385838
 286.809140
 273.339575
 274.586434
 276.829661
 272.356592
 266.536996
 265.681609
 265.681609
 265.681609
 265.554307
 268.611010
 265.645376
 262.082034
 255.065397
 257.526443
 248.717194
 248.717194
 255.425403
 253.805628
 259.293449
 258.418059
 273.046555
 275.193483
 275.492166
 275.810403
 277.306462
 274.892649
 274.156869
 276.567903
 279.644705
 278.428414
 278.850617
 278.668270
 278.281394
 275.486873
 275.327408
 273.383608
 275.593119
 277.109374
 277.740268
 287.665167
 288.425658
 288.555987
 290.403788
 288.623746
 292.327023
 295.743552
 292.977183
 294.106769
 288.167679
 288.167679
 288.167679
 287.947080
 288.585750
 287.760008
 290.765674
 290.765674
 290.211502
 288.068182
 290.781579
 287.822359
 290.594403
 291.124944
 287.104888
 286.797842
 286.145529
 289.342572
 289.342572
 292.109161
 294.775083
 294.775083
 293.526620
 291.219397
 292.630679
 291.642865
 288.750953
 292.083480
 292.082959
 295.720746
 291.486661
 277.246493
 277.246493
 280.689063
 287.562927
 284.951164
 284.711767
 277.427377
 277.427377
 277.974442
 269.649835
 264.563331
 265.371484
 266.267682
 255.632906
 253.519016
 252.013749
 253.188687
 252.535862
 255.695149
 254.345306
 254.475917
 260.418188
 257.332871
 256.990550
 255.105078
 264.126473
 264.125399
 269.152422
 269.779640
 267.347611
 262.464960
 243.915036
 245.282024
 244.784224
 244.784224
 243.289266
 238.444742
 238.420411
 238.010364
 230.898206
 230.627088
 222.735980
 223.540091
 223.505824
 223.246594
 213.909424
 215.363379
 215.363379
 213.728298
 216.368308
 218.818424
 219.696201
 215.812219
 216.025711
 215.556564
 214.394285
 215.312834
 215.421018
 216.324922
 217.947006
 220.227310
 221.182969
 229.551318
 230.984831
 230.064679
 228.182602
 227.982562
 226.990231
 227.211691
 227.399369
 224.193104
 223.777203
 217.572991
 200.235561
 196.149040
 199.196777
 193.200282
 196.529611
 184.317632
 184.685761
 186.143145
 180.211957
 183.229287
 184.327235
 182.978302
 185.253149
 192.122538
 190.669532
 191.174953
 193.150670
 195.037077
 196.342253
 202.418939
 201.923153
 202.146283
 195.996083
 195.996083
 195.826644
 190.364278
 186.313598
 185.591810
 185.474706
 180.116795
 180.560673
 176.437144
 176.156047
 177.744974
 178.766280
 175.680202
 174.968038
 176.614360
 165.007248
 163.117982
 163.036105
 163.427413
 164.045544
 165.521437
 159.100453
 158.517826
 158.704162
 158.725202
 158.600713
 153.885263
 143.938052
 141.708334
 137.529311
 136.130426
 136.006062
 138.551004
 137.143422
 131.314194
 123.274458
 124.507377
 122.454063
 123.299290
 125.908395
 127.474917
 128.334637
 129.073525
 129.329101
 129.859285
 129.753562
 113.684206
 114.183748
 115.543014
 111.470878
 97.245390
 96.867094
 95.896623
 95.954653
 97.994931
 100.203808
 100.765320
 97.905127
 97.810517
 98.192234
 98.786322
 98.715777
 99.884899
 98.965164
 99.844090
 99.173221
 96.038791
 96.038864
 98.316677
 99.070014
 98.504036
 99.666810
 99.516550
 98.124649
 98.978661
 93.747027
 84.982742
 78.541314
 77.998919
 78.798200
 77.783243
 77.025090
 77.035207
 74.599332
 73.587654
 72.634253
 74.443180
 73.270711
 64.615076
 64.325319
 65.057189
 58.992138
 59.068146
 59.831643
 59.863528
 58.169600
 60.244797
 60.126385
 56.371308
 57.541745
 57.127905
 56.604624
 56.952462
 56.639465
 57.295414
 57.536394
 57.806343
 58.003879
 57.816396
 58.045254
 58.178157
 56.985103
 56.903598
 54.614473
 54.669136
 54.532479
 54.494461
 50.520049
 50.356270
 50.640818
 50.945643
 49.775072
 49.885470
 49.161994
 49.291014
 49.617301
 49.504412
 49.489010
 49.735394
 50.281832
 50.000493
 49.640497
 48.882906
 49.351292
 49.444029
 48.887001
 48.905116
 48.057550
 48.150584
 47.875328
 37.434363
 37.345414
 36.904378
 36.922005
 36.830051
 36.176656
 36.552098
 36.473195
 36.023191
 35.528320
 35.447995
 34.165982
 34.479625
 34.510327
 34.474362
 34.724656
 34.984879
 35.066385
 34.994363
 34.917042
 34.779364
 33.735111
 33.779337
 33.822259
 33.412468
 33.335735
 32.239144
 26.649109
 24.196215
 24.289859
 24.194228
 24.307516
 24.177618
 23.814623
 23.864134
 23.812506
 23.425084
 22.584126
 22.708819
 22.926063
 23.083232
 23.336003
 23.286461
 22.440609
 22.422836
 22.284107
 21.933480
 22.135991
 22.076058
 21.617567
 21.726213
 21.725588
 20.975407
 20.638301
 17.071258
 17.023981
 17.112968
 16.784522
 16.402424
 16.534787
 16.682838
 16.597083
 16.058048
 16.130681
 16.125775
 16.127747
 15.682998
 15.736785
 15.613673
 15.706580
 15.701869
 15.757048
 15.789588
 15.258982
 15.269120
 15.521281
 15.617301
 15.628391
 15.525442
 15.584710
 15.743539
 15.762627
 15.764351
 15.777252
 15.702385
 15.608187
 15.608434
 15.677544
 15.600414
 15.389875
 15.488020
 15.476899
 15.226770
 15.257368
 15.232001
 15.247660
 15.260634
 15.298774
 15.395754
 14.744118
 14.739557
 14.354924
 10.476039
 10.507202
 10.512077
 10.496905
 10.489915
 10.487174
 10.411208
 10.423954
 10.425713
 10.501784
 10.506077
 10.460077
 10.176240
 10.210096
 10.235742
 10.246113
 7.997156
 7.939368
 7.939610
 7.864968
 7.862494
 7.872655
 7.871020
 7.836930
 7.736282
 7.756154
 7.769161
 7.761473
 7.713538
 7.730927
 7.745291
 7.746848
 7.764889
 7.764641
 7.767321
 7.774070
 7.782957
 7.784584
 7.780484
 7.776632
 7.650473
 7.664444
 7.674341
 7.685551
 7.686253
 7.692650
 7.693046
 7.710798
 7.551486
 7.553169
 7.564658
 7.568940
 4.500076
 4.511171
 4.502665
 3.871262
 3.867578
 3.870980
 3.868847
 3.870669
 3.860355
 3.851309
 3.868237
 3.871957
 3.872696
 3.876798
 3.873746
 3.876016
 3.886615
 3.879768
 3.879119
 3.883180
 3.886929
 3.894275
 3.897311
 3.899213
 3.901437
 3.517155
 3.512593
 1.048060
 1.043486
 1.044761
 1.045626
 1.045758
 1.046362
 1.048693
 1.048955
 1.049855
 0.959395
 0.954690
 0.809551
 0.804657
 0.800694
 0.801113
 0.801580
 0.803746
 0.804674
 0.808472
 0.694689
 0.697096
 0.698772
 0.654776
 0.204061
 0.203767
 0.198561
 0.200426
 0.199463
 0.194816
 0.189364
 0.189638
 0.170158
 0.168678
 0.167778
 0.164713
 0.151160
 0.152689
 0.147567
 0.148700
 0.148533
 0.141049
 0.141502
 0.123980
 0.121893
 0.122679
 0.119550
 0.120452
 0.123264
 0.100632
 0.103403
 0.099615
 0.095706
 0.094938
 0.093957
 0.092669
 0.092605
 0.093828
 0.095547
 0.095619
 0.094043
 0.094882
 0.095653
 0.094376
 0.093362
 0.094086
 0.094310
 0.095048
 0.094705
 0.090905
 0.090941
 0.087832
 0.088083
 0.088814
 0.088415
 0.085511
 0.042178
 0.042267
 0.039722
 0.036091
 0.036264
 0.030265
 0.029664
 0.027216
 0.025609
 0.024978
 0.023918
 0.023713
 0.023730
 0.023835
 0.023401
 0.022641
 0.022440
 0.020621
 0.017666
 0.017676
 0.017548
 0.015722
 0.015735
 0.015745
 0.015294
 0.015331
 0.015397
 0.015362
 0.015409
 0.013174
 0.009087
 0.009103
 0.009123
 0.009147
 0.009157
 0.009171
 0.009186
 0.009190
 0.009201
 0.009185
 0.000788
 0.000738
 0.000657
 0.000626
 0.000559
 0.000456
 0.000420
 0.000405
 0.000383
 0.000317
 0.000289
 0.000295
 0.000271
 0.000272
 0.000257
 0.000218
 0.000194
 0.000194
 0.000180
 0.000176
 0.000167
 0.000158
 0.000151
 0.000139
 0.000133
 0.000122
 0.000112
 0.000112
 0.000096
 0.000084
 0.000082
 0.000079
 0.000075
 0.000075
 0.000075
 0.000075
 0.000073
 0.000050
 0.000048
 0.000049
 0.000046
 0.000044
 0.000041
 0.000035
 0.000034
 0.000028
 0.000029
 0.000026
 0.000025
 0.000023
 0.000023
 0.000019
 0.000011
 0.000011
 0.000010
 0.000009
 0.000009
 0.000009
 0.000009
 0.000005
 0.000005
 0.000005
 0.000004
 0.000004
 0.000004
 0.000004
 0.000004
 0.000003
 0.000002
 0.000002
 0.000003
 0.000002
 0.000002
 0.000002
 0.000002
 0.000002
 0.000001
 0.000001
 0.000001
 0.000001
 0.000001
 0.000001
 0.000001
 0.000001
 0.000001
 0.000001
 0.000001
 0.000000
 0.000000
 0.000000
 0.000000
 0.000000
 0.000000
 0.000000
 0.000000
 0.000000
 0.000000
 0.000000
 0.000000
 0.000000
 0.000000
 0.000000
 0.000000
 0.000000
 0.000000
 0.000000
 0.000000
 0.000000
 0.000000
 0.000000
 0.000000
 0.000000
 0.000000
 0.000000
 0.000000
 0.000000
 0.000000
 0.000000
 0.000000
 0.000000
 0.000000
 0.000000
 0.000000
 0.000000
 0.000000
 0.000000
 0.000000
 0.000000
 0.000000
 0.000000
 0.000000
 0.000000
 0.000000
 0.000000
 0.000000
 0.000000
 0.000000
 0.000000
 0.000000
 0.000000
 0.000000
 0.000000
 0.000000
 0.000000
 0.000000
 0.000000
 0.000000
 0.000000
 0.000000
 0.000000
 0.000000
 0.000000
 0.000000
 0.000000
 0.000000
 0.000000
 0.000000
 0.000000
 0.000000
 0.000000
 0.000000
 0.000000
 0.000000
 0.000000
 0.000000
 0.000000
 0.000000
 0.000000
 0.000000
 0.000000
 0.000000
 0.000000
 0.000000
 0.000000
 0.000000
 0.000000
 0.000000
 0.000000
 0.000000
 0.000000
 0.000000
 0.000000
 0.000000
 0.000000
 0.000000
 0.000000
 0.000000
 0.000000
 0.000000
 0.000000
 0.000000
 0.000000
 0.000000
 0.000000
 0.000000
 0.000000
 0.000000
 0.000000
 0.000000
 0.000000
 0.000000
 0.000000
 0.000000
 0.000000
 0.000000
 0.000000
 0.000000
 0.000000
 0.000000
 0.000000
 0.000000
 0.000000
 0.000000
 0.000000
 0.000000
 0.000000
 0.000000
 0.000000
 0.000000
 0.000000
 0.000000
 0.000000
 0.000000
 0.000000
 0.000000
 0.000000
 0.000000
 0.000000
 0.000000
 0.000000
 0.000000
 0.000000
 0.000000
 0.000000
 0.000000
 0.000000
 0.000000
 0.000000
 0.000000
 0.000000
 0.000000
 0.000000
 0.000000
 0.000000
 0.000000
 0.000000
 0.000000
 0.000000
 0.000000
 0.000000
 0.000000
 0.000000
 0.000000
 0.000000
 0.000000
 0.000000
 0.000000
 0.000000
 0.000000
 0.000000
 0.000000
 0.000000
 0.000000
 0.000000
 0.000000
 0.000000
 0.000000
 0.000000
 0.000000
 0.000000
 0.000000
 0.000000
 0.000000
 0.000000
 0.000000
 0.000000
 0.000000
 0.000000
 0.000000
 0.000000
 0.000000
 0.000000
 0.000000
 0.000000
 0.000000
 0.000000
 0.000000
 0.000000
 0.000000
 0.000000
 0.000000
 0.000000
 0.000000
 0.000000
 0.000000
 0.000000
 0.000000
 0.000000
 0.000000
 0.000000
 0.000000
 0.000000
 0.000000
 0.000000
 0.000000
 0.000000
 0.000000
 0.000000
 0.000000
 0.000000
 0.000000
 0.000000
 0.000000
 0.000000
 0.000000
 0.000000
 0.000000
 0.000000
 0.000000
 0.000000
 0.000000
 0.000000
 0.000000
 0.000000
 0.000000
 0.000000
 0.000000
 0.000000
 0.000000
 0.000000
 0.000000
 0.000000
 0.000000
 0.000000
 0.000000
 0.000000
 0.000000
 0.000000
 0.000000
 0.000000
 0.000000
 0.000000
 0.000000
 0.000000
 0.000000
 0.000000
 0.000000
 0.000000
 0.000000
 0.000000
 0.000000
 0.000000
 0.000000
 0.000000
 0.000000
 0.000000
 0.000000
 0.000000
 0.000000
 0.000000
 0.000000
 0.000000
 0.000000
 0.000000
 0.000000
 0.000000
 0.000000
 0.000000
 0.000000
 0.000000
 0.000000
 0.000000
 0.000000
 0.000000
 0.000000
 0.000000
 0.000000
 0.000000
 0.000000
 0.000000
 0.000000
 0.000000
 0.000000
 0.000000
 0.000000
 0.000000
 0.000000
 0.000000
 0.000000
 0.000000
 0.000000
 0.000000
 0.000000
 0.000000
 0.000000
 0.000000
 0.000000
 0.000000
 0.000000
 0.000000
 0.000000
 0.000000
 0.000000
 0.000000
 0.000000
 0.000000
 0.000000
 0.000000
 0.000000
 0.000000
 0.000000
 0.000000
 0.000000
 0.000000
 0.000000
 0.000000
 0.000000
 0.000000
 0.000000
 0.000000
 0.000000
 0.000000
 0.000000
 0.000000
 0.000000
 0.000000
 0.000000
 0.000000
 0.000000
 0.000000
 0.000000
 0.000000
 0.000000
 0.000000
 0.000000
 0.000000
 0.000000
 0.000000
 0.000000
 0.000000
 0.000000
 0.000000
 0.000000
 0.000000
 0.000000
 0.000000
 0.000000
 0.000000
 0.000000
 0.000000
 0.000000
 0.000000
 0.000000
 0.000000
 0.000000
 0.000000
 0.000000
 0.000000
 0.000000
 0.000000
 0.000000
 0.000000
 0.000000
 0.000000
 0.000000
 0.000000
 0.000000
 0.000000
 0.000000
 0.000000
 0.000000
 0.000000
 0.000000
 0.000000
 0.000000
 0.000000
 0.000000
 0.000000
 0.000000
 0.000000
 0.000000
 0.000000
 0.000000
 0.000000
 0.000000
 0.000000
 0.000000
 0.000000
 0.000000
 0.000000
 0.000000
 0.000000
 0.000000
 0.000000
 0.000000
 0.000000
 0.000000
 0.000000
 0.000000
 0.000000
 0.000000
 0.000000
 0.000000
 0.000000
 0.000000
 0.000000
 0.000000
 0.000000
 0.000000
 0.000000
 0.000000
 0.000000
 0.000000
 0.000000
 0.000000
 0.000000
 0.000000
 0.000000
 0.000000
 0.000000
 0.000000
 0.000000
 0.000000
 0.000000
 0.000000
 0.000000
 0.000000
 0.000000
 0.000000
 0.000000
 0.000000
 0.000000
 0.000000
 0.000000
 0.000000
 0.000000
 0.000000
 0.000000
 0.000000
 0.000000
 0.000000
 0.000000
 0.000000
 0.000000
 0.000000
 0.000000
 0.000000
 0.000000
 0.000000
 0.000000
 0.000000
 0.000000
 0.000000
 0.000000
 0.000000
 0.000000
 0.000000
 0.000000
 0.000000
 0.000000
 0.000000
 0.000000
 0.000000
 0.000000
 0.000000
 0.000000
 0.000000
 0.000000
 0.000000
 0.000000
 0.000000
 0.000000
 0.000000
 0.000000
 0.000000
 0.000000
 0.000000
 0.000000
 0.000000
 0.000000
 0.000000
 0.000000
 0.000000
 0.000000
 0.000000
 0.000000
 0.000000
 0.000000
 0.000000
 0.000000
 0.000000
 0.000000
 0.000000
 0.000000
 0.000000
 0.000000
 0.000000
 0.000000
 0.000000
 0.000000
 0.000000
 0.000000
 0.000000
 0.000000
 0.000000
 0.000000
 0.000000
 0.000000
 0.000000
 0.000000
 0.000000
 0.000000
 0.000000
 0.000000
 0.000000
 0.000000
 0.000000
 0.000000
 0.000000
 0.000000
 0.000000
 0.000000
 0.000000
 0.000000
 0.000000
 0.000000
 0.000000
 0.000000
 0.000000
 0.000000
 0.000000
 0.000000
 0.000000
 0.000000
 0.000000
 0.000000
 0.000000
 0.000000
 0.000000
 0.000000
 0.000000
 0.000000
 0.000000
 0.000000
 0.000000
 0.000000
 0.000000
 0.000000
 0.000000
 0.000000
 0.000000
 0.000000
 0.000000
 0.000000
 0.000000
 0.000000
 0.000000
 0.000000
 0.000000
 0.000000
 0.000000
 0.000000
 0.000000
 0.000000
 0.000000
 0.000000
 0.000000
 0.000000
 0.000000
 0.000000
 0.000000
 0.000000
 0.000000
 0.000000
 0.000000
 0.000000
 0.000000
 0.000000
 0.000000
 0.000000
 0.000000
 0.000000
 0.000000
 0.000000
 0.000000
 0.000000
 0.000000
 0.000000
 0.000000
 0.000000
 0.000000
 0.000000
 0.000000
 0.000000
 0.000000
 0.000000
 0.000000
 0.000000
 0.000000
 0.000000
 0.000000
 0.000000
 0.000000
 0.000000
 0.000000
 0.000000
 0.000000
 0.000000
 0.000000
 0.000000
 0.000000
 0.000000
 0.000000
 0.000000
 0.000000
 0.000000
 0.000000
 0.000000
 0.000000
 0.000000
 0.000000
 0.000000
 0.000000
 0.000000
 0.000000
 0.000000
 0.000000
 0.000000
 0.000000
 0.000000
 0.000000
 0.000000
 0.000000
 0.000000
 0.000000
 0.000000
 0.000000
 0.000000
 0.000000
 0.000000
 0.000000
 0.000000
 0.000000
 0.000000
 0.000000
 0.000000
 0.000000
 0.000000
 0.000000
 0.000000
 0.000000
 0.000000
 0.000000
 0.000000
 0.000000
 0.000000
 0.000000
 0.000000
 0.000000
 0.000000
 0.000000
 0.000000
 0.000000
 0.000000
 0.000000
 0.000000
 0.000000
 0.000000
 0.000000
 0.000000
 0.000000
 0.000000
 0.000000
 0.000000
 0.000000
 0.000000
 0.000000
 0.000000
 0.000000
 0.000000
 0.000000
 0.000000
 0.000000
 0.000000
 0.000000
 0.000000
 0.000000
 0.000000
 0.000000
 0.000000
 0.000000
 0.000000
 0.000000
 0.000000
 0.000000
 0.000000
 0.000000
 0.000000
 0.000000
 0.000000
 0.000000
 0.000000
 0.000000
 0.000000
 0.000000
 0.000000
 0.000000
 0.000000
 0.000000
 0.000000
 0.000000
 0.000000
 0.000000
 0.000000
 0.000000
 0.000000
 0.000000
 0.000000
 0.000000
 0.000000
 0.000000
 0.000000
 0.000000
 0.000000
 0.000000
 0.000000
 0.000000
 0.000000
 0.000000
 0.000000
 0.000000
 0.000000
 0.000000
 0.000000
 0.000000
 0.000000
 0.000000
 0.000000
 0.000000
 0.000000
 0.000000
 0.000000
 0.000000
 0.000000
 0.000000
 0.000000
 0.000000
 0.000000
 0.000000
 0.000000
 0.000000
 0.000000
 0.000000
 0.000000
 0.000000
 0.000000
 0.000000
 0.000000
 0.000000
 0.000000
 0.000000
 0.000000
 0.000000
 0.000000
 0.000000
 0.000000
 0.000000
 0.000000
 0.000000
 0.000000
 0.000000
 0.000000
 0.000000
 0.000000
 0.000000
 0.000000
 0.000000
 0.000000
 0.000000
 0.000000
 0.000000
 0.000000
 0.000000
 0.000000
 0.000000
 0.000000
 0.000000
 0.000000
 0.000000
 0.000000
 0.000000
 0.000000
 0.000000
 0.000000
 0.000000
 0.000000
 0.000000
 0.000000
 0.000000
 0.000000
 0.000000
 0.000000
 0.000000
 0.000000
 0.000000
 0.000000
 0.000000
 0.000000
 0.000000
 0.000000
 0.000000
 0.000000
 0.000000
 0.000000
 0.000000
 0.000000
 0.000000
 0.000000
 0.000000
 0.000000
 0.000000
 0.000000
 0.000000
 0.000000
 0.000000
 0.000000
 0.000000
 0.000000
 0.000000
 0.000000
 0.000000
 0.000000
 0.000000
 0.000000
 0.000000
 0.000000
 0.000000
 0.000000
 0.000000
 0.000000
 0.000000
 0.000000
 0.000000
 0.000000
 0.000000
 0.000000
 0.000000
 0.000000
 0.000000
 0.000000
 0.000000
 0.000000
 0.000000
 0.000000
 0.000000
 0.000000
 0.000000
 0.000000
 0.000000
 0.000000
 0.000000
 0.000000
 0.000000
 0.000000
 0.000000
 0.000000
 0.000000
 0.000000
 0.000000
 0.000000
 0.000000
 0.000000
 0.000000
 0.000000
 0.000000
 0.000000
 0.000000
 0.000000
 0.000000
 0.000000
 0.000000
 0.000000
 0.000000
 0.000000
 0.000000
 0.000000
 0.000000
 0.000000
 0.000000
 0.000000
 0.000000
 0.000000
 0.000000
 0.000000
 0.000000
 0.000000
 0.000000
 0.000000
 0.000000
 0.000000
 0.000000
 0.000000
 0.000000
 0.000000
 0.000000
 0.000000
 0.000000
 0.000000
 0.000000
 0.000000
 0.000000
 0.000000
 0.000000
 0.000000
 0.000000
 0.000000
 0.000000
 0.000000
 0.000000
 0.000000
 0.000000
 0.000000
 0.000000
 0.000000
 0.000000
 0.000000
 0.000000
 0.000000
 0.000000
 0.000000
 0.000000
 0.000000
 0.000000
 0.000000
 0.000000
 0.000000
 0.000000
 0.000000
 0.000000
 0.000000
 0.000000
 0.000000
 0.000000
 0.000000
 0.000000
 0.000000
 0.000000
 0.000000
 0.000000
 0.000000
 0.000000
 0.000000
 0.000000
 0.000000
 0.000000
 0.000000
 0.000000
 0.000000
 0.000000
 0.000000
 0.000000
 0.000000
 0.000000
 0.000000
 0.000000
 0.000000
 0.000000
 0.000000
 0.000000
 0.000000
 0.000000
 0.000000
 0.000000
 0.000000
 0.000000
 0.000000
 0.000000
 0.000000
 0.000000
 0.000000
 0.000000
 0.000000
 0.000000
 0.000000
 0.000000
 0.000000
 0.000000
 0.000000
 0.000000
 0.000000
 0.000000
 0.000000
 0.000000
 0.000000
 0.000000
 0.000000
 0.000000
 0.000000
 0.000000
 0.000000
 0.000000
 0.000000
 0.000000
 0.000000
 0.000000
 0.000000
 0.000000
 0.000000
 0.000000
 0.000000
 0.000000
 0.000000
 0.000000
 0.000000
 0.000000
 0.000000
 0.000000
 0.000000
 0.000000
 0.000000
 0.000000
 0.000000
 0.000000
 0.000000
 0.000000
 0.000000
 0.000000
 0.000000
 0.000000
 0.000000
 0.000000
 0.000000
 0.000000
 0.000000
 0.000000
 0.000000
 0.000000
 0.000000
 0.000000
 0.000000
 0.000000
 0.000000
 0.000000
 0.000000
 0.000000
 0.000000
 0.000000
 0.000000
 0.000000
 0.000000
 0.000000
 0.000000
 0.000000
 0.000000
 0.000000
 0.000000
 0.000000
 0.000000
 0.000000
 0.000000
 0.000000
 0.000000
 0.000000
 0.000000
 0.000000
 0.000000
 0.000000
 0.000000
 0.000000
 0.000000
 0.000000
 0.000000
 0.000000
 0.000000
 0.000000
 0.000000
 0.000000
 0.000000
 0.000000
 0.000000
 0.000000
 0.000000
 0.000000
 0.000000
 0.000000
 0.000000
 0.000000
 0.000000
 0.000000
 0.000000
 0.000000
 0.000000
 0.000000
 0.000000
 0.000000
 0.000000
 0.000000
 0.000000
 0.000000
 0.000000
 0.000000
 0.000000
 0.000000
 0.000000
 0.000000
 0.000000
 0.000000
 0.000000
 0.000000
 0.000000
 0.000000
 0.000000
 0.000000
 0.000000
 0.000000
 0.000000
 0.000000
 0.000000
 0.000000
 0.000000
 0.000000
 0.000000
 0.000000
 0.000000
 0.000000
 0.000000
 0.000000
 0.000000
 0.000000
 0.000000
 0.000000
 0.000000
 0.000000
 0.000000
 0.000000
 0.000000
 0.000000
 0.000000
 0.000000
 0.000000
 0.000000
 0.000000
 0.000000
 0.000000
 0.000000
 0.000000
 0.000000
 0.000000
 0.000000
 0.000000
 0.000000
  0.000000
 0.000000
 0.000000
 0.000000
 0.000000
 0.000000
 0.000000
 