shade_wo_archive, std
16552.934821
 14675.989021
 11948.106945
 10094.047994
 8988.463651
 8116.395897
 6584.090472
 5451.539573
 5066.190381
 3902.865153
 3090.275862
 2712.428156
 2588.983927
 2102.150757
 1397.150633
 1105.259024
 998.910329
 963.765716
 746.002660
 603.285628
 477.639328
 422.910085
 335.803580
 285.269626
 260.010229
 210.738282
 183.248103
 152.607467
 108.191972
 95.858892
 88.459326
 69.522937
 60.278882
 44.555707
 36.772237
 25.854996
 23.955834
 19.357007
 18.951820
 13.347739
 11.508640
 9.681280
 8.173466
 6.481729
 6.087076
 4.467941
 3.806166
 3.232984
 2.401554
 2.182175
 2.061207
 1.773545
 1.727138
 1.325792
 1.222041
 0.945170
 0.837945
 0.727498
 0.639399
 0.609262
 0.481165
 0.367702
 0.335389
 0.265230
 0.233219
 0.180574
 0.171016
 0.161976
 0.115161
 0.079257
 0.062156
 0.046945
 0.043254
 0.037275
 0.033709
 0.027522
 0.025385
 0.022418
 0.019134
 0.014726
 0.012602
 0.011301
 0.009171
 0.006544
 0.006194
 0.004507
 0.003927
 0.003101
 0.002706
 0.002321
 0.001979
 0.001958
 0.001732
 0.001515
 0.001183
 0.000721
 0.000589
 0.000546
 0.000504
 0.000439
 0.000408
 0.000371
 0.000239
 0.000202
 0.000178
 0.000150
 0.000103
 0.000097
 0.000087
 0.000081
 0.000065
 0.000063
 0.000051
 0.000035
 0.000028
 0.000027
 0.000021
 0.000021
 0.000018
 0.000016
 0.000015
 0.000013
 0.000013
 0.000009
 0.000007
 0.000006
 0.000005
 0.000005
 0.000005
 0.000004
 0.000003
 0.000003
 0.000003
 0.000002
 0.000002
 0.000001
 0.000001
 0.000001
 0.000001
 0.000001
 0.000001
 0.000001
 0.000000
 0.000000
 0.000000
 0.000000
 0.000000
 0.000000
 0.000000
 0.000000
 0.000000
 0.000000
 0.000000
 0.000000
 0.000000
 0.000000
 0.000000
 0.000000
 0.000000
 0.000000
 0.000000
 0.000000
 0.000000
 0.000000
 0.000000
 0.000000
 0.000000
 0.000000
 0.000000
 0.000000
 0.000000
 0.000000
 0.000000
 0.000000
 0.000000
 0.000000
 0.000000
 0.000000
 0.000000
 0.000000
 0.000000
 0.000000
 0.000000
 0.000000
 0.000000
 0.000000
 0.000000
 0.000000
 0.000000
 0.000000
 0.000000
 0.000000
 0.000000
 0.000000
 0.000000
 0.000000
 0.000000
 0.000000
 0.000000
 0.000000
 0.000000
 0.000000
 0.000000
 0.000000
 0.000000
 0.000000
 0.000000
 0.000000
 0.000000
 0.000000
 0.000000
 0.000000
 0.000000
 0.000000
 0.000000
 0.000000
 0.000000
 0.000000
 0.000000
 0.000000
 0.000000
 0.000000
 0.000000
 0.000000
 0.000000
 0.000000
 0.000000
 0.000000
 0.000000
 0.000000
 0.000000
 0.000000
 0.000000
 0.000000
 0.000000
 0.000000
 0.000000
 0.000000
 0.000000
 0.000000
 0.000000
 0.000000
 0.000000
 0.000000
 0.000000
 0.000000
 0.000000
 0.000000
 0.000000
 0.000000
 0.000000
 0.000000
 0.000000
 0.000000
 0.000000
 0.000000
 0.000000
 0.000000
 0.000000
 0.000000
 0.000000
 0.000000
 0.000000
 0.000000
 0.000000
 0.000000
 0.000000
 0.000000
 0.000000
 0.000000
 0.000000
 0.000000
 0.000000
 0.000000
 0.000000
 0.000000
 0.000000
 0.000000
 0.000000
 0.000000
 0.000000
 0.000000
 0.000000
 0.000000
 0.000000
 0.000000
 0.000000
 0.000000
 0.000000
 0.000000
 0.000000
 0.000000
 0.000000
 0.000000
 0.000000
 0.000000
 0.000000
 0.000000
 0.000000
 0.000000
 0.000000
 0.000000
 0.000000
 0.000000
 0.000000
 0.000000
 0.000000
 0.000000
 0.000000
 0.000000
 0.000000
 0.000000
 0.000000
 0.000000
 0.000000
 0.000000
 0.000000
 0.000000
 0.000000
 0.000000
 0.000000
 0.000000
 0.000000
 0.000000
 0.000000
 0.000000
 0.000000
 0.000000
 0.000000
 0.000000
 0.000000
 0.000000
 0.000000
 0.000000
 0.000000
 0.000000
 0.000000
 0.000000
 0.000000
 0.000000
 0.000000
 0.000000
 0.000000
 0.000000
 0.000000
 0.000000
 0.000000
 0.000000
 0.000000
 0.000000
 0.000000
 0.000000
 0.000000
 0.000000
 0.000000
 0.000000
 0.000000
 0.000000
 0.000000
 0.000000
 0.000000
 0.000000
 0.000000
 0.000000
 0.000000
 0.000000
 0.000000
 0.000000
 0.000000
 0.000000
 0.000000
 0.000000
 0.000000
 0.000000
 0.000000
 0.000000
 0.000000
 0.000000
 0.000000
 0.000000
 0.000000
 0.000000
 0.000000
 0.000000
 0.000000
 0.000000
 0.000000
 0.000000
 0.000000
 0.000000
 0.000000
 0.000000
 0.000000
 0.000000
 0.000000
 0.000000
 0.000000
 0.000000
 0.000000
 0.000000
 0.000000
 0.000000
 0.000000
 0.000000
 0.000000
 0.000000
 0.000000
 0.000000
 0.000000
 0.000000
 0.000000
 0.000000
 0.000000
 0.000000
 0.000000
 0.000000
 0.000000
 0.000000
 0.000000
 0.000000
 0.000000
 0.000000
 0.000000
 0.000000
 0.000000
 0.000000
 0.000000
 0.000000
 0.000000
 0.000000
 0.000000
 0.000000
 0.000000
 0.000000
 0.000000
 0.000000
 0.000000
 0.000000
 0.000000
 0.000000
 0.000000
 0.000000
 0.000000
 0.000000
 0.000000
 0.000000
 0.000000
 0.000000
 0.000000
 0.000000
 0.000000
 0.000000
 0.000000
 0.000000
 0.000000
 0.000000
 0.000000
 0.000000
 0.000000
 0.000000
 0.000000
 0.000000
 0.000000
 0.000000
 0.000000
 0.000000
 0.000000
 0.000000
 0.000000
 0.000000
 0.000000
 0.000000
 0.000000
 0.000000
 0.000000
 0.000000
 0.000000
 0.000000
 0.000000
 0.000000
 0.000000
 0.000000
 0.000000
 0.000000
 0.000000
 0.000000
 0.000000
 0.000000
 0.000000
 0.000000
 0.000000
 0.000000
 0.000000
 0.000000
 0.000000
 0.000000
 0.000000
 0.000000
 0.000000
 0.000000
 0.000000
 0.000000
 0.000000
 0.000000
 0.000000
 0.000000
 0.000000
 0.000000
 0.000000
 0.000000
 0.000000
 0.000000
 0.000000
 0.000000
 0.000000
 0.000000
 0.000000
 0.000000
 0.000000
 0.000000
 0.000000
 0.000000
 0.000000
 0.000000
 0.000000
 0.000000
 0.000000
 0.000000
 0.000000
 0.000000
 0.000000
 0.000000
 0.000000
 0.000000
 0.000000
 0.000000
 0.000000
 0.000000
 0.000000
 0.000000
 0.000000
 0.000000
 0.000000
 0.000000
 0.000000
 0.000000
 0.000000
 0.000000
 0.000000
 0.000000
 0.000000
 0.000000
 0.000000
 0.000000
 0.000000
 0.000000
 0.000000
 0.000000
 0.000000
 0.000000
 0.000000
 0.000000
 0.000000
 0.000000
 0.000000
 0.000000
 0.000000
 0.000000
 0.000000
 0.000000
 0.000000
 0.000000
 0.000000
 0.000000
 0.000000
 0.000000
 0.000000
 0.000000
 0.000000
 0.000000
 0.000000
 0.000000
 0.000000
 0.000000
 0.000000
 0.000000
 0.000000
 0.000000
 0.000000
 0.000000
 0.000000
 0.000000
 0.000000
 0.000000
 0.000000
 0.000000
 0.000000
 0.000000
 0.000000
 0.000000
 0.000000
 0.000000
 0.000000
 0.000000
 0.000000
 0.000000
 0.000000
 0.000000
 0.000000
 0.000000
 0.000000
 0.000000
 0.000000
 0.000000
 0.000000
 0.000000
 0.000000
 0.000000
 0.000000
 0.000000
 0.000000
 0.000000
 0.000000
 0.000000
 0.000000
 0.000000
 0.000000
 0.000000
 0.000000
 0.000000
 0.000000
 0.000000
 0.000000
 0.000000
 0.000000
 0.000000
 0.000000
 0.000000
 0.000000
 0.000000
 0.000000
 0.000000
 0.000000
 0.000000
 0.000000
 0.000000
 0.000000
 0.000000
 0.000000
 0.000000
 0.000000
 0.000000
 0.000000
 0.000000
 0.000000
 0.000000
 0.000000
 0.000000
 0.000000
 0.000000
 0.000000
 0.000000
 0.000000
 0.000000
 0.000000
 0.000000
 0.000000
 0.000000
 0.000000
 0.000000
 0.000000
 0.000000
 0.000000
 0.000000
 0.000000
 0.000000
 0.000000
 0.000000
 0.000000
 0.000000
 0.000000
 0.000000
 0.000000
 0.000000
 0.000000
 0.000000
 0.000000
 0.000000
 0.000000
 0.000000
 0.000000
 0.000000
 0.000000
 0.000000
 0.000000
 0.000000
 0.000000
 0.000000
 0.000000
 0.000000
 0.000000
 0.000000
 0.000000
 0.000000
 0.000000
 0.000000
 0.000000
 0.000000
 0.000000
 0.000000
 0.000000
 0.000000
 0.000000
 0.000000
 0.000000
 0.000000
 0.000000
 0.000000
 0.000000
 0.000000
 0.000000
 0.000000
 0.000000
 0.000000
 0.000000
 0.000000
 0.000000
 0.000000
 0.000000
 0.000000
 0.000000
 0.000000
 0.000000
 0.000000
 0.000000
 0.000000
 0.000000
 0.000000
 0.000000
 0.000000
 0.000000
 0.000000
 0.000000
 0.000000
 0.000000
 0.000000
 0.000000
 0.000000
 0.000000
 0.000000
 0.000000
 0.000000
 0.000000
 0.000000
 0.000000
 0.000000
 0.000000
 0.000000
 0.000000
 0.000000
 0.000000
 0.000000
 0.000000
 0.000000
 0.000000
 0.000000
 0.000000
 0.000000
 0.000000
 0.000000
 0.000000
 0.000000
 0.000000
 0.000000
 0.000000
 0.000000
 0.000000
 0.000000
 0.000000
 0.000000
 0.000000
 0.000000
 0.000000
 0.000000
 0.000000
 0.000000
 0.000000
 0.000000
 0.000000
 0.000000
 0.000000
 0.000000
 0.000000
 0.000000
 0.000000
 0.000000
 0.000000
 0.000000
 0.000000
 0.000000
 0.000000
 0.000000
 0.000000
 0.000000
 0.000000
 0.000000
 0.000000
 0.000000
 0.000000
 0.000000
 0.000000
 0.000000
 0.000000
 0.000000
 0.000000
 0.000000
 0.000000
 0.000000
 0.000000
 0.000000
 0.000000
 0.000000
 0.000000
 0.000000
 0.000000
 0.000000
 0.000000
 0.000000
 0.000000
 0.000000
 0.000000
 0.000000
 0.000000
 0.000000
 0.000000
 0.000000
 0.000000
 0.000000
 0.000000
 0.000000
 0.000000
 0.000000
 0.000000
 0.000000
 0.000000
 0.000000
 0.000000
 0.000000
 0.000000
 0.000000
 0.000000
 0.000000
 0.000000
 0.000000
 0.000000
 0.000000
 0.000000
 0.000000
 0.000000
 0.000000
 0.000000
 0.000000
 0.000000
 0.000000
 0.000000
 0.000000
 0.000000
 0.000000
 0.000000
 0.000000
 0.000000
 0.000000
 0.000000
 0.000000
 0.000000
 0.000000
 0.000000
 0.000000
 0.000000
 0.000000
 0.000000
 0.000000
 0.000000
 0.000000
 0.000000
 0.000000
 0.000000
 0.000000
 0.000000
 0.000000
 0.000000
 0.000000
 0.000000
 0.000000
 0.000000
 0.000000
 0.000000
 0.000000
 0.000000
 0.000000
 0.000000
 0.000000
 0.000000
 0.000000
 0.000000
 0.000000
 0.000000
 0.000000
 0.000000
 0.000000
 0.000000
 0.000000
 0.000000
 0.000000
 0.000000
 0.000000
 0.000000
 0.000000
 0.000000
 0.000000
 0.000000
 0.000000
 0.000000
 0.000000
 0.000000
 0.000000
 0.000000
 0.000000
 0.000000
 0.000000
 0.000000
 0.000000
 0.000000
 0.000000
 0.000000
 0.000000
 0.000000
 0.000000
 0.000000
 0.000000
 0.000000
 0.000000
 0.000000
 0.000000
 0.000000
 0.000000
 0.000000
 0.000000
 0.000000
 0.000000
 0.000000
 0.000000
 0.000000
 0.000000
 0.000000
 0.000000
 0.000000
 0.000000
 0.000000
 0.000000
 0.000000
 0.000000
 0.000000
 0.000000
 0.000000
 0.000000
 0.000000
 0.000000
 0.000000
 0.000000
 0.000000
 0.000000
 0.000000
 0.000000
 0.000000
 0.000000
 0.000000
 0.000000
 0.000000
 0.000000
 0.000000
 0.000000
 0.000000
 0.000000
 0.000000
 0.000000
 0.000000
 0.000000
 0.000000
 0.000000
 0.000000
 0.000000
 0.000000
 0.000000
 0.000000
 0.000000
 0.000000
 0.000000
 0.000000
 0.000000
 0.000000
 0.000000
 0.000000
 0.000000
 0.000000
 0.000000
 0.000000
 0.000000
 0.000000
 0.000000
 0.000000
 0.000000
 0.000000
 0.000000
 0.000000
 0.000000
 0.000000
 0.000000
 0.000000
 0.000000
 0.000000
 0.000000
 0.000000
 0.000000
 0.000000
 0.000000
 0.000000
 0.000000
 0.000000
 0.000000
 0.000000
 0.000000
 0.000000
 0.000000
 0.000000
 0.000000
 0.000000
 0.000000
 0.000000
 0.000000
 0.000000
 0.000000
 0.000000
 0.000000
 0.000000
 0.000000
 0.000000
 0.000000
 0.000000
 0.000000
 0.000000
 0.000000
 0.000000
 0.000000
 0.000000
 0.000000
 0.000000
 0.000000
 0.000000
 0.000000
 0.000000
 0.000000
 0.000000
 0.000000
 0.000000
 0.000000
 0.000000
 0.000000
 0.000000
 0.000000
 0.000000
 0.000000
 0.000000
 0.000000
 0.000000
 0.000000
 0.000000
 0.000000
 0.000000
 0.000000
 0.000000
 0.000000
 0.000000
 0.000000
 0.000000
 0.000000
 0.000000
 0.000000
 0.000000
 0.000000
 0.000000
 0.000000
 0.000000
 0.000000
 0.000000
 0.000000
 0.000000
 0.000000
 0.000000
 0.000000
 0.000000
 0.000000
 0.000000
 0.000000
 0.000000
 0.000000
 0.000000
 0.000000
 0.000000
 0.000000
 0.000000
 0.000000
 0.000000
 0.000000
 0.000000
 0.000000
 0.000000
 0.000000
 0.000000
 0.000000
 0.000000
 0.000000
 0.000000
 0.000000
 0.000000
 0.000000
 0.000000
 0.000000
 0.000000
 0.000000
 0.000000
 0.000000
 0.000000
 0.000000
 0.000000
 0.000000
 0.000000
 0.000000
 0.000000
 0.000000
 0.000000
 0.000000
 0.000000
 0.000000
 0.000000
 0.000000
 0.000000
 0.000000
 0.000000
 0.000000
 0.000000
 0.000000
 0.000000
 0.000000
 0.000000
 0.000000
 0.000000
 0.000000
 0.000000
 0.000000
 0.000000
 0.000000
 0.000000
 0.000000
 0.000000
 0.000000
 0.000000
 0.000000
 0.000000
 0.000000
 0.000000
 0.000000
 0.000000
 0.000000
 0.000000
 0.000000
 0.000000
 0.000000
 0.000000
 0.000000
 0.000000
 0.000000
 0.000000
 0.000000
 0.000000
 0.000000
 0.000000
 0.000000
 0.000000
 0.000000
 0.000000
 0.000000
 0.000000
 0.000000
 0.000000
 0.000000
 0.000000
 0.000000
 0.000000
 0.000000
 0.000000
 0.000000
 0.000000
 0.000000
 0.000000
 0.000000
 0.000000
 0.000000
 0.000000
 0.000000
 0.000000
 0.000000
 0.000000
 0.000000
 0.000000
 0.000000
 0.000000
 0.000000
 0.000000
 0.000000
 0.000000
 0.000000
 0.000000
 0.000000
 0.000000
 0.000000
 0.000000
 0.000000
 0.000000
 0.000000
 0.000000
 0.000000
 0.000000
 0.000000
 0.000000
 0.000000
 0.000000
 0.000000
 0.000000
 0.000000
 0.000000
 0.000000
 0.000000
 0.000000
 0.000000
 0.000000
 0.000000
 0.000000
 0.000000
 0.000000
 0.000000
 0.000000
 0.000000
 0.000000
 0.000000
 0.000000
 0.000000
 0.000000
 0.000000
 0.000000
 0.000000
 0.000000
 0.000000
 0.000000
 0.000000
 0.000000
 0.000000
 0.000000
 0.000000
 0.000000
 0.000000
 0.000000
 0.000000
 0.000000
 0.000000
 0.000000
 0.000000
 0.000000
 0.000000
 0.000000
 0.000000
 0.000000
 0.000000
 0.000000
 0.000000
 0.000000
 0.000000
 0.000000
 0.000000
 0.000000
 0.000000
 0.000000
 0.000000
 0.000000
 0.000000
 0.000000
 0.000000
 0.000000
 0.000000
 0.000000
 0.000000
 0.000000
 0.000000
 0.000000
 0.000000
 0.000000
 0.000000
 0.000000
 0.000000
 0.000000
 0.000000
 0.000000
 0.000000
 0.000000
 0.000000
 0.000000
 0.000000
 0.000000
 0.000000
 0.000000
 0.000000
 0.000000
 0.000000
 0.000000
 0.000000
 0.000000
 0.000000
 0.000000
 0.000000
 0.000000
 0.000000
 0.000000
 0.000000
 0.000000
 0.000000
 0.000000
 0.000000
 0.000000
 0.000000
 0.000000
 0.000000
 0.000000
 0.000000
 0.000000
 0.000000
 0.000000
 0.000000
 0.000000
 0.000000
 0.000000
 0.000000
 0.000000
 0.000000
 0.000000
 0.000000
 0.000000
 0.000000
 0.000000
 0.000000
 0.000000
 0.000000
 0.000000
 0.000000
 0.000000
 0.000000
 0.000000
 0.000000
 0.000000
 0.000000
 0.000000
 0.000000
 0.000000
 0.000000
 0.000000
 0.000000
 0.000000
 0.000000
 0.000000
 0.000000
 0.000000
 0.000000
 0.000000
 0.000000
 0.000000
 0.000000
 0.000000
 0.000000
 0.000000
 0.000000
 0.000000
 0.000000
 0.000000
 0.000000
 0.000000
 0.000000
 0.000000
 0.000000
 0.000000
 0.000000
 0.000000
 0.000000
 0.000000
 0.000000
 0.000000
 0.000000
 0.000000
 0.000000
 0.000000
 0.000000
 0.000000
 0.000000
 0.000000
 0.000000
 0.000000
 0.000000
 0.000000
 0.000000
 0.000000
 0.000000
 0.000000
 0.000000
 0.000000
 0.000000
 0.000000
 0.000000
 0.000000
 0.000000
 0.000000
 0.000000
 0.000000
 0.000000
 0.000000
 0.000000
 0.000000
 0.000000
 0.000000
 0.000000
 0.000000
 0.000000
 0.000000
 0.000000
 0.000000
 0.000000
 0.000000
 0.000000
 0.000000
 0.000000
 0.000000
 0.000000
 0.000000
 0.000000
 0.000000
 0.000000
 0.000000
 0.000000
 0.000000
 0.000000
 0.000000
 0.000000
 0.000000
 0.000000
 0.000000
 0.000000
 0.000000
 0.000000
 0.000000
 0.000000
 0.000000
 0.000000
 0.000000
 0.000000
 0.000000
 0.000000
 0.000000
 0.000000
 0.000000
 0.000000
 0.000000
 0.000000
 0.000000
 0.000000
 0.000000
 0.000000
 0.000000
 0.000000
 0.000000
 0.000000
 0.000000
 0.000000
 0.000000
 0.000000
 0.000000
 0.000000
 0.000000
 0.000000
 0.000000
 0.000000
 0.000000
 0.000000
 0.000000
 0.000000
 0.000000
 0.000000
 0.000000
 0.000000
 0.000000
 0.000000
 0.000000
 0.000000
 0.000000
 0.000000
 0.000000
 0.000000
 0.000000
 0.000000
 0.000000
 0.000000
 0.000000
 0.000000
 0.000000
 0.000000
 0.000000
 0.000000
 0.000000
 0.000000
 0.000000
 0.000000
 0.000000
 0.000000
 0.000000
 0.000000
 0.000000
 0.000000
 0.000000
 0.000000
 0.000000
 0.000000
 0.000000
 0.000000
 0.000000
 0.000000
 0.000000
 0.000000
 0.000000
 0.000000
 0.000000
 0.000000
 0.000000
 0.000000
 0.000000
 0.000000
 0.000000
 0.000000
 0.000000
 0.000000
 0.000000
 0.000000
 0.000000
 0.000000
 0.000000
 0.000000
 0.000000
 0.000000
 0.000000
 0.000000
 0.000000
 0.000000
 0.000000
 0.000000
 0.000000
 0.000000
 0.000000
 0.000000
 0.000000
 0.000000
 0.000000
 0.000000
 0.000000
 0.000000
 0.000000
 0.000000
 0.000000
 0.000000
 0.000000
 0.000000
 0.000000
 0.000000
 0.000000
 0.000000
 0.000000
 0.000000
 0.000000
 0.000000
 0.000000
 0.000000
 0.000000
 0.000000
 0.000000
 0.000000
 0.000000
 0.000000
 0.000000
 0.000000
 0.000000
 0.000000
 0.000000
 0.000000
 0.000000
 0.000000
 0.000000
 0.000000
 0.000000
 0.000000
 0.000000
 0.000000
 0.000000
 0.000000
 0.000000
 0.000000
 0.000000
 0.000000
 0.000000
 0.000000
 0.000000
 0.000000
 0.000000
 0.000000
 0.000000
 0.000000
 0.000000
 0.000000
 0.000000
 0.000000
 0.000000
 0.000000
 0.000000
 0.000000
 0.000000
 0.000000
 0.000000
 0.000000
 0.000000
 0.000000
 0.000000
 0.000000
 0.000000
 0.000000
 0.000000
 0.000000
 0.000000
 0.000000
 0.000000
 0.000000
 0.000000
 0.000000
 0.000000
 0.000000
 0.000000
 0.000000
 0.000000
 0.000000
 0.000000
 0.000000
 0.000000
 0.000000
 0.000000
 0.000000
 0.000000
 0.000000
 0.000000
 0.000000
 0.000000
 0.000000
 0.000000
 0.000000
 0.000000
 0.000000
 0.000000
 0.000000
 0.000000
 0.000000
 0.000000
 0.000000
 0.000000
 0.000000
 0.000000
 0.000000
 0.000000
 0.000000
 0.000000
 0.000000
 0.000000
 0.000000
 0.000000
 0.000000
 0.000000
 0.000000
 0.000000
 0.000000
 0.000000
 0.000000
 0.000000
 0.000000
 0.000000
 0.000000
 0.000000
 0.000000
 0.000000
 0.000000
 0.000000
 0.000000
 0.000000
 0.000000
 0.000000
 0.000000
 0.000000
 0.000000
 0.000000
 0.000000
 0.000000
 0.000000
 0.000000
 0.000000
 0.000000
 0.000000
 0.000000
 0.000000
 0.000000
 0.000000
 0.000000
 0.000000
 0.000000
 0.000000
 0.000000
 0.000000
 0.000000
 0.000000
 0.000000
 0.000000
 0.000000
 0.000000
 0.000000
 0.000000
 0.000000
 0.000000
 0.000000
 0.000000
 0.000000
 0.000000
 0.000000
 0.000000
 0.000000
 0.000000
 0.000000
 0.000000
 0.000000
 0.000000
 0.000000
 0.000000
 0.000000
 0.000000
 0.000000
 0.000000
 0.000000
 0.000000
 0.000000
 0.000000
 0.000000
 0.000000
 0.000000
 0.000000
 0.000000
 0.000000
 0.000000
 0.000000
 0.000000
 0.000000
 0.000000
 0.000000
 0.000000
 0.000000
 0.000000
 0.000000
 0.000000
 0.000000
 0.000000
 0.000000
 0.000000
 0.000000
 0.000000
 0.000000
 0.000000
 0.000000
 0.000000
 0.000000
 0.000000
 0.000000
 0.000000
 0.000000
 0.000000
 0.000000
 0.000000
 0.000000
 0.000000
 0.000000
 0.000000
 0.000000
 0.000000
 0.000000
 0.000000
 0.000000
 0.000000
 0.000000
 0.000000
 0.000000
 0.000000
 0.000000
 0.000000
 0.000000
 0.000000
 0.000000
 0.000000
 0.000000
 0.000000
 0.000000
 0.000000
 0.000000
 0.000000
 0.000000
 0.000000
 0.000000
 0.000000
 0.000000
 0.000000
 0.000000
 0.000000
 0.000000
 0.000000
 0.000000
 0.000000
 0.000000
 0.000000
 0.000000
 0.000000
 0.000000
 0.000000
 0.000000
 0.000000
 0.000000
 0.000000
 0.000000
 0.000000
 0.000000
 0.000000
 0.000000
 0.000000
 0.000000
 0.000000
 0.000000
 0.000000
 0.000000
 0.000000
 0.000000
 0.000000
 0.000000
 0.000000
 0.000000
 0.000000
 0.000000
 0.000000
 0.000000
 0.000000
 0.000000
 0.000000
 0.000000
 0.000000
 0.000000
 0.000000
 0.000000
 0.000000
 0.000000
 0.000000
 0.000000
 0.000000
 0.000000
 0.000000
 0.000000
 0.000000
 0.000000
 0.000000
 0.000000
 0.000000
 0.000000
 0.000000
 0.000000
 0.000000
 0.000000
 0.000000
 0.000000
 0.000000
 0.000000
 0.000000
 0.000000
 0.000000
 0.000000
 0.000000
 0.000000
 0.000000
 0.000000
 0.000000
 0.000000
 0.000000
 0.000000
 0.000000
 0.000000
 0.000000
 0.000000
 0.000000
 0.000000
 0.000000
 0.000000
 0.000000
 0.000000
 0.000000
 0.000000
 0.000000
 0.000000
 0.000000
 0.000000
 0.000000
 0.000000
 0.000000
 0.000000
 0.000000
 0.000000
 0.000000
 0.000000
 0.000000
 0.000000
 0.000000
 0.000000
 0.000000
 0.000000
 0.000000
 0.000000
 0.000000
 0.000000
 0.000000
 0.000000
 0.000000
 0.000000
 0.000000
 0.000000
 0.000000
 0.000000
 0.000000
 0.000000
 0.000000
 0.000000
 0.000000
 0.000000
 0.000000
 0.000000
 0.000000
 0.000000
 0.000000
 0.000000
 0.000000
 0.000000
 0.000000
 0.000000
 0.000000
 0.000000
 0.000000
 0.000000
 0.000000
 0.000000
 0.000000
 0.000000
 0.000000
 0.000000
 0.000000
 0.000000
 0.000000
 0.000000
 0.000000
 0.000000
 0.000000
 0.000000
 0.000000
 0.000000
 0.000000
 0.000000
 0.000000
 0.000000
 0.000000
 0.000000
 0.000000
 0.000000
 