shade_wo_archive, std
321.741306
 314.318240
 294.988345
 242.784330
 215.800488
 181.827669
 160.329288
 148.274366
 106.952925
 106.906283
 82.521052
 69.109804
 57.960505
 56.123810
 49.401634
 41.642853
 38.569259
 38.474691
 37.662147
 36.417743
 34.758980
 30.253543
 29.377553
 23.063055
 22.089036
 20.773082
 19.561006
 17.707437
 18.377967
 16.911990
 17.591777
 15.995730
 15.702151
 15.137335
 15.555586
 15.044086
 14.940231
 16.154383
 16.391124
 16.561491
 16.801212
 16.827562
 18.077125
 18.365676
 18.038754
 17.821827
 17.117739
 17.038828
 16.982543
 16.608896
 16.689718
 16.444891
 16.320087
 15.781925
 15.693041
 15.405636
 14.545718
 14.440588
 14.440393
 14.284936
 13.921969
 13.904483
 13.904483
 13.854018
 13.787562
 13.833068
 13.670144
 13.767953
 13.539096
 13.539096
 13.759507
 13.844235
 13.773600
 13.673406
 13.673406
 13.641526
 13.635586
 13.543830
 13.682249
 13.795920
 13.795920
 13.795920
 13.755052
 13.755052
 13.686450
 13.642562
 13.239096
 13.353903
 12.700877
 12.754509
 12.754509
 12.645967
 12.645967
 12.645967
 12.744529
 12.127911
 12.346911
 12.352703
 12.352703
 12.072989
 12.072989
 12.065490
 12.065490
 11.949146
 11.987986
 12.062357
 12.069631
 12.069631
 12.069631
 11.219597
 11.202496
 11.195914
 11.195914
 11.195914
 11.146682
 11.146682
 11.146682
 11.069008
 10.827844
 10.827844
 10.269781
 10.358662
 10.349518
 10.349518
 10.391374
 10.287262
 10.249086
 10.119209
 10.431384
 10.431384
 10.397998
 10.397998
 10.252486
 10.240729
 10.021509
 9.820116
 9.846262
 9.846262
 9.846262
 9.789548
 9.789548
 9.575779
 9.575779
 9.616601
 9.616601
 9.616601
 9.616601
 9.616601
 9.419880
 9.419880
 9.838154
 9.818579
 9.554347
 9.554347
 9.554347
 9.554347
 9.554347
 9.554347
 9.554347
 9.554347
 9.558221
 9.558221
 9.558221
 9.558221
 9.570698
 9.570698
 9.570698
 9.480483
 9.480483
 9.480483
 9.480483
 9.480483
 9.333159
 9.292164
 9.178446
 9.178446
 9.178446
 9.178446
 9.118561
 9.113067
 9.113067
 9.113067
 9.113067
 9.112277
 9.112277
 9.102988
 9.059247
 9.059247
 8.791261
 9.022007
 9.022812
 9.004764
 9.004764
 9.004764
 9.004764
 9.113491
 9.113491
 9.111589
 9.144571
 9.048970
 9.033785
 9.033785
 9.033785
 8.898659
 8.898659
 8.881204
 8.881204
 8.881204
 8.881204
 8.881204
 8.896825
 8.896825
 8.787750
 8.770669
 8.770669
 8.770669
 8.773045
 9.036460
 9.036460
 9.033022
 9.033022
 9.040757
 9.040757
 9.006528
 9.006528
 9.232971
 9.215002
 9.206243
 9.206243
 9.185086
 9.391534
 9.633380
 9.656410
 9.656410
 9.656410
 9.656410
 9.656410
 9.650463
 9.650463
 9.650463
 9.650463
 9.645952
 9.645952
 9.645952
 9.645952
 9.645952
 9.645952
 9.856040
 9.856040
 9.831445
 9.831445
 9.831445
 9.815975
 9.815975
 9.815975
 9.815975
 9.811768
 9.789336
 9.780508
 9.780508
 9.786766
 9.786766
 9.767769
 9.687330
 9.713891
 9.713891
 9.713891
 9.713891
 9.713891
 9.714859
 9.714859
 9.818711
 9.708842
 9.708842
 9.708842
 9.708842
 9.929872
 10.045197
 10.045197
 10.045197
 9.984781
 9.984781
 9.984781
 9.969549
 9.969549
 9.985285
 9.985285
 9.989618
 9.989618
 9.891516
 9.891916
 9.833317
 9.833317
 9.833317
 9.833317
 9.837928
 9.787573
 9.787573
 9.563020
 9.563020
 9.556135
 9.550131
 9.596470
 9.666792
 9.551799
 9.712511
 9.846574
 9.846574
 9.846574
 9.821382
 9.697996
 9.678578
 9.677419
 9.677419
 9.724427
 9.853149
 9.823088
 9.710308
 9.710308
 9.751376
 9.751376
 9.751376
 9.751376
 9.741743
 10.176817
 10.352767
 10.352767
 10.352767
 10.307044
 10.307044
 10.267938
 10.267938
 10.267938
 10.313484
 10.313484
 10.313484
 10.054121
 10.054121
 9.922719
 9.922719
 9.922719
 9.922719
 9.922719
 9.922719
 9.922719
 10.020671
 10.020671
 10.020671
 9.950171
 9.931965
 9.931965
 9.931965
 9.931965
 9.931965
 9.931425
 9.931425
 9.924192
 9.899133
 10.004558
 10.070328
 10.070328
 10.070328
 10.070328
 10.055204
 10.078939
 9.989041
 9.989041
 9.989041
 9.989041
 9.982067
 10.026105
 9.991979
 9.933247
 9.970679
 9.791624
 9.675600
 9.657020
 9.566596
 9.566596
 10.017976
 10.383626
 10.383626
 10.383626
 10.341004
 10.341004
 10.418904
 10.561531
 10.561531
 10.625950
 10.669215
 10.712086
 10.712086
 10.712086
 10.712086
 10.712086
 10.757195
 10.757195
 10.702421
 10.722870
 10.731358
 10.777132
 10.879268
 10.834385
 10.834385
 10.845951
 10.845951
 10.901962
 10.901962
 10.852726
 10.852726
 10.850802
 10.860282
 10.861985
 10.961985
 10.961985
 10.923089
 10.923089
 10.923089
 10.914841
 10.987516
 10.987516
 10.987516
 10.989672
 10.989672
 10.989672
 10.902420
 10.917477
 10.917477
 10.908276
 10.905969
 10.904795
 10.893563
 10.880790
 10.861720
 10.869349
 10.885477
 10.906517
 10.910708
 10.908244
 10.908244
 10.925809
 10.925809
 10.932455
 10.773083
 10.771931
 10.804656
 10.899191
 10.983262
 11.023861
 11.069330
 11.064043
 10.891446
 10.891446
 10.786049
 10.766473
 10.766473
 10.766473
 10.766473
 10.754470
 10.754643
 10.799006
 10.760808
 10.760808
 10.774541
 10.774541
 10.791675
 10.749856
 10.774840
 10.774840
 10.742468
 10.751659
 10.839637
 10.777921
 10.782924
 10.883713
 10.915775
 10.887535
 10.994389
 10.904141
 10.849454
 10.839719
 10.800498
 10.796919
 10.723130
 10.723130
 10.723130
 10.727544
 10.684615
 10.685317
 10.672608
 10.668126
 10.532109
 10.527008
 10.506371
 10.506371
 10.430307
 10.430307
 10.430307
 10.430307
 10.545339
 10.520213
 10.560473
 10.560473
 10.569385
 10.569385
 10.550920
 10.606727
 10.606727
 10.659577
 10.659577
 10.659577
 10.659896
 10.659896
 10.714089
 10.648352
 10.648352
 10.648352
 10.765610
 10.765610
 10.778601
 10.765740
 10.765740
 10.799015
 10.694764
 10.703772
 10.501709
 10.764568
 10.764568
 10.785688
 10.722991
 10.722991
 10.792552
 10.765714
 10.774664
 10.826010
 10.826302
 10.826302
 10.826302
 10.919719
 10.905048
 10.905048
 10.905048
 10.905048
 10.909842
 10.892451
 10.901183
 10.933295
 10.933370
 11.022795
 11.022795
 11.022611
 11.022611
 11.022611
 11.035164
 10.992597
 10.980489
 10.980489
 10.983617
 10.969135
 10.694440
 10.651780
 10.642574
 10.636860
 10.577557
 10.511049
 10.551138
 10.598584
 10.574559
 10.574559
 10.599382
 10.599382
 10.575906
 10.575899
 10.573544
 10.572164
 10.572230
 10.531473
 10.531473
 10.531473
 10.474539
 10.499520
 10.499008
 10.499008
 10.499008
 10.528692
 10.413222
 10.413222
 10.413222
 10.411307
 10.454347
 10.463615
 10.470180
 10.495122
 10.537026
 10.511435
 10.459274
 10.426482
 10.426482
 10.427493
 10.432863
 10.475913
 10.475913
 10.466324
 10.506444
 10.506122
 10.534583
 10.229142
 10.316907
 10.318575
 10.318575
 10.318575
 10.289022
 10.312027
 10.388162
 10.319867
 10.326171
 10.326318
 10.330185
 10.338414
 10.250714
 10.255483
 10.256051
 10.257793
 10.280952
 10.282326
 10.380428
 10.380428
 10.375602
 10.359735
 10.359735
 10.387066
 10.388361
 10.388361
 10.359756
 10.382577
 10.433461
 10.492437
 10.455267
 10.451600
 10.416632
 10.416280
 10.348732
 10.219601
 10.219601
 10.175197
 10.177313
 10.177313
 10.147491
 10.147491
 10.196617
 10.193848
 10.193848
 10.195271
 10.202149
 10.201451
 10.216863
 10.224939
 10.232726
 10.232726
 10.215971
 10.210362
 10.211115
 10.211706
 10.234192
 10.234192
 10.233440
 10.193917
 10.193559
 10.213475
 10.299910
 10.291625
 10.279816
 10.223962
 10.214569
 10.155316
 10.155316
 10.234080
 10.234080
 10.240522
 10.141044
 10.118682
 10.112635
 10.132101
 10.132844
 10.125533
 10.125533
 10.149895
 10.141617
 10.118845
 10.118845
 10.117914
 10.138799
 10.077496
 10.077496
 10.050109
 10.075229
 10.075229
 10.075229
 10.045954
 10.045954
 10.081995
 10.073268
 10.073268
 10.059875
 10.029176
 9.899131
 9.878232
 9.925866
 9.934990
 9.933892
 9.937629
 9.937641
 9.942571
 9.920166
 9.920166
 9.954929
 10.026102
 10.027029
 10.043105
 10.059011
 10.028193
 10.028649
 10.024073
 10.022458
 9.956717
 9.956024
 9.961936
 9.974679
 10.002981
 10.008015
 10.008015
 10.008015
 10.033686
 10.033686
 10.036619
 10.036619
 10.036619
 10.041670
 10.037474
 10.037474
 10.037474
 9.870276
 9.920811
 9.920811
 9.951626
 9.957642
 9.957642
 9.919795
 9.921784
 9.883359
 9.981801
 9.982467
 9.983139
 9.985632
 9.967030
 9.967010
 9.976677
 9.976671
 9.976640
 9.976640
 9.976640
 9.970875
 9.971170
 9.971170
 9.971026
 9.971026
 9.983553
 9.982230
 9.982230
 9.988009
 9.963823
 9.980297
 9.978772
 9.994637
 9.994686
 10.005915
 10.006557
 10.004981
 9.977136
 9.975260
 9.939884
 9.939312
 9.943171
 9.943370
 9.941894
 9.941961
 9.924045
 9.924045
 9.924045
 9.924045
 9.924336
 9.910450
 9.910587
 9.910587
 9.913103
 9.925450
 9.925919
 9.925919
 9.926292
 9.929739
 9.929919
 9.952730
 9.976849
 9.976849
 9.976849
 9.944182
 9.944182
 9.912219
 9.912219
 9.912684
 9.932653
 9.979792
 9.962039
 9.886226
 9.885293
 9.877462
 9.876615
 9.872983
 9.873312
 9.871393
 9.876605
 9.860132
 9.865660
 9.865660
 9.865660
 9.865660
 9.855459
 9.857294
 9.864998
 9.862971
 9.866791
 9.870327
 9.891163
 10.097484
 10.129378
 10.140566
 10.151293
 10.155772
 10.162803
 10.202165
 10.214975
 10.214975
 10.261249
 10.261249
 10.260602
 10.260602
 10.263049
 10.263049
 10.262969
 10.265013
 10.265228
 10.265228
 10.264857
 10.267265
 10.186306
 10.190464
 10.220180
 10.241068
 10.246742
 10.246742
 10.246742
 10.246742
 10.246742
 10.247014
 10.246680
 10.228152
 10.228152
 10.227591
 10.228178
 10.231874
 10.232410
 10.233671
 10.232518
 10.236040
 10.255385
 10.255385
 10.254110
 10.267962
 10.267962
 10.267962
 10.270290
 10.248222
 10.241179
 10.244305
 10.245626
 10.286708
 10.310766
 10.310766
 10.318293
 10.324380
 10.324719
 10.324719
 10.328281
 10.329252
 10.329252
 10.326853
 10.328296
 10.338480
 10.338480
 10.338480
 10.340952
 10.321257
 10.321005
 10.321005
 10.321005
 10.307071
 10.295430
 10.301840
 10.301247
 10.306626
 10.306626
 10.280785
 10.282349
 10.277801
 10.306630
 10.303851
 10.317578
 10.336684
 10.328744
 10.343254
 10.357829
 10.358941
 10.360716
 10.363155
 10.363107
 10.430430
 10.426500
 10.407886
 10.412900
 10.411108
 10.411108
 10.392226
 10.393364
 10.394399
 10.394659
 10.395250
 10.395808
 10.395808
 10.404158
 10.393422
 10.391135
 10.404569
 10.404569
 10.400159
 10.400243
 10.297067
 10.298084
 10.298855
 10.298855
 10.279051
 10.279628
 10.279628
 10.279628
 10.286642
 10.275775
 10.275775
 10.274684
 10.276019
 10.276045
 10.276045
 10.301499
 10.301379
 10.299083
 10.299083
 10.299083
 10.301400
 10.309343
 10.331462
 10.320676
 10.320676
 10.320676
 10.320676
 10.320676
 10.320676
 10.317242
 10.317099
 10.325024
 10.328162
 10.328162
 10.327898
 10.327898
 10.253550
 10.253550
 10.234251
 10.243529
 10.058737
 10.054643
 10.054643
 10.054935
 10.055551
 10.035115
 10.039945
 10.029876
 10.029876
 10.030419
 10.030419
 10.030396
 10.050802
 10.050265
 10.067811
 10.067811
 10.067546
 10.076733
 10.087042
 10.086652
 10.086453
 10.086436
 10.086436
 10.087629
 10.098043
 10.098043
 10.098043
 10.098785
 10.089406
 10.094219
 10.094807
 10.091856
 10.102543
 10.106869
 10.011009
 9.994747
 9.992908
 9.994236
 9.991561
 9.991713
 9.946060
 9.939353
 9.922179
 9.928669
 9.929014
 9.912545
 9.912545
 9.900859
 9.894991
 9.897905
 9.902752
 9.902581
 9.902583
 9.903688
 9.903688
 9.905286
 9.859968
 9.859968
 9.859504
 9.879645
 9.879605
 9.880228
 9.880361
 9.879188
 9.875530
 9.875528
 9.884231
 9.890187
 9.889842
 9.899466
 9.899466
 9.899651
 9.899651
 9.897940
 9.836344
 9.836344
 9.836344
 9.836344
 9.685249
 9.675983
 9.680873
 9.687871
 9.687541
 9.688435
 9.692260
 9.692260
 9.693095
 9.701502
 9.674838
 9.674859
 9.674859
 9.670440
 9.652161
 9.653459
 9.655559
 9.651124
 9.651124
 9.651124
 9.651124
 9.651118
 9.651630
 9.645621
 9.626553
 9.613849
 9.621861
 9.625498
 9.566526
 9.568071
 9.424096
 9.425463
 9.366967
 9.342554
 9.339854
 9.339689
 9.339856
 9.336173
 9.333185
 9.339409
 9.339409
 9.339409
 9.339409
 9.342204
 9.334842
 9.334842
 9.336239
 9.336239
 9.336239
 9.343963
 9.339420
 9.289794
 9.289794
 9.289794
 9.277161
 9.277161
 9.277161
 9.277516
 9.248846
 9.248846
 9.251626
 9.250351
 9.250351
 9.267779
 9.267779
 9.267779
 9.263277
 9.274909
 9.191030
 9.191389
 9.191389
 9.191312
 9.190028
 9.190560
 9.189981
 9.205919
 9.205919
 9.205919
 9.208355
 9.209415
 9.209415
 9.209415
 9.200943
 9.200943
 9.200390
 9.198844
 9.198844
 9.200932
 9.209578
 9.212113
 9.213015
 9.233931
 9.233833
 9.232982
 9.232982
 9.234307
 9.238250
 9.245450
 9.245953
 9.202821
 9.189758
 9.189758
 9.142958
 9.111505
 9.111505
 9.113818
 9.110171
 9.106159
 9.103380
 9.103393
 9.102447
 9.102447
 9.102447
 9.107002
 9.102371
 9.102371
 9.102371
 9.101642
 9.102592
 9.102592
 9.102951
 9.119295
 9.120010
 9.127851
 9.133421
 9.133421
 9.131464
 9.133181
 9.134275
 9.135390
 9.135390
 9.135686
 9.135686
 9.135686
 9.137684
 9.137684
 9.142737
 9.147728
 9.147728
 9.126488
 9.122423
 9.122423
 9.132475
 9.132475
 9.138755
 9.138755
 9.137988
 9.144499
 9.146162
 9.146162
 9.146162
 9.146162
 9.148427
 9.148306
 9.165483
 9.166456
 9.169425
 9.169425
 9.158729
 9.158969
 9.159965
 9.159965
 9.159965
 9.159965
 9.157833
 9.157748
 9.165085
 9.165057
 9.165057
 9.168412
 9.168731
 9.167780
 9.153071
 9.139654
 9.138830
 9.139390
 9.139553
 9.140798
 9.140798
 9.134237
 9.134237
 9.135018
 9.091548
 9.091548
 9.082293
 9.082306
 9.077483
 9.077483
 9.077483
 9.079131
 9.075638
 9.081966
 9.081966
 9.067257
 9.064195
 9.061828
 9.061828
 9.028205
 9.029502
 9.029506
 9.017385
 9.017343
 9.018513
 9.011606
 9.011606
 9.017749
 9.017749
 9.014761
 9.014838
 9.014581
 9.014581
 9.012632
 9.013118
 9.013118
 8.963637
 8.963637
 8.963657
 8.963657
 8.963646
 8.961705
 8.948750
 8.950701
 8.951174
 8.956631
 8.958927
 8.960222
 8.960222
 8.960222
 8.966009
 8.966009
 8.965897
 8.965918
 8.965918
 8.965923
 8.965985
 8.965985
 8.963424
 8.963424
 8.955155
 8.955155
 8.955155
 8.955326
 8.955347
 8.942941
 8.937102
 8.956827
 8.948795
 8.948795
 8.927720
 8.928256
 8.928695
 8.930837
 8.933046
 8.939661
 8.942758
 8.942755
 8.943478
 8.945416
 8.945416
 8.944986
 8.944986
 8.944986
 8.945531
 8.945225
 8.946194
 8.946194
 8.946183
 8.942029
 8.941767
 8.947275
 8.947275
 8.948102
 8.948184
 8.949207
 8.946237
 8.943109
 8.943109
 8.942053
 8.929010
 8.913257
 8.913257
 8.918029
 8.919050
 8.919050
 8.919060
 8.916149
 8.914428
 8.914229
 8.840253
 8.841082
 8.841082
 8.841082
 8.841082
 8.840613
 8.840935
 8.826919
 8.807697
 8.807697
 8.806072
 8.810743
 8.781537
 8.781573
 8.782063
 8.782063
 8.782241
 8.782378
 8.783436
 8.765868
 8.731982
 8.734160
 8.729710
 8.729710
 8.728261
 8.678081
 8.678081
 8.680116
 8.673987
 8.670412
 8.670412
 8.670412
 8.670752
 8.671590
 8.671590
 8.671466
 8.671173
 8.671542
 8.671574
 8.671574
 8.682215
 8.682215
 8.687537
 8.691565
 8.690734
 8.691510
 8.695410
 8.695453
 8.688773
 8.688773
 8.688363
 8.688363
 8.690050
 8.690050
 8.690050
 8.690050
 8.690050
 8.690050
 8.686898
 8.662222
 8.665805
 8.666242
 8.662001
 8.662001
 8.662666
 8.662666
 8.663374
 8.655287
 8.655287
 8.654439
 8.655715
 8.656584
 8.656453
 8.656590
 8.656590
 8.656590
 8.653937
 8.653937
 8.653234
 8.654069
 8.651981
 8.651981
 8.652938
 8.652938
 8.652938
 8.650450
 8.656147
 8.656147
 8.656147
 8.656147
 8.656107
 8.662561
 8.662676
 8.677862
 8.677862
 8.677862
 8.711936
 8.711936
 8.711936
 8.712074
 8.711181
 8.711181
 8.711181
 8.711181
 8.714845
 8.706883
 8.700715
 8.700739
 8.699756
 8.692102
 8.692554
 8.693168
 8.693168
 8.693168
 8.693168
 8.696518
 8.697288
 8.697288
 8.699310
 8.699367
 8.699367
 8.696699
 8.696699
 8.697290
 8.687312
 8.676403
 8.670816
 8.673205
 8.673885
 8.674435
 8.674252
 8.674252
 8.674252
 8.678022
 8.678022
 8.678022
 8.699402
 8.699402
 8.671210
 8.671908
 8.675281
 8.675281
 8.675869
 8.676414
 8.677254
 8.680267
 8.682807
 8.682807
 8.673558
 8.673558
 8.673588
 8.673543
 8.674164
 8.676815
 8.676815
 8.675562
 8.675712
 8.677821
 8.685016
 8.685016
 8.677120
 8.677120
 8.677084
 8.677084
 8.677084
 8.677862
 8.677041
 8.677041
 8.679898
 8.688479
 8.683060
 8.683060
 8.685093
 8.686337
 8.685395
 8.685395
 8.685696
 8.688864
 8.688829
 8.683532
 8.683532
 8.683378
 8.680079
 8.680266
 8.680266
 8.680301
 8.677460
 8.677460
 8.678034
 8.678363
 8.678596
 8.680557
 8.681358
 8.683489
 8.683544
 8.676700
 8.676700
 8.677619
 8.678126
 8.678165
 8.682265
 8.682265
 8.681701
 8.681864
 8.669966
 8.669997
 8.673582
 8.673668
 8.674076
 8.674274
 8.674463
 8.675580
 8.679560
 8.672187
 8.29596
 7.229596
 7.241491
 7.220634
 7.211323
 7.210020
 7.206548
 7.207200
 7.203942
 7.210670
 7.210670
 7.210670
 7.213771
 7.213771
 7.213164
 7.214129
 7.211108
 7.212039
 7.213234
 7.213157
 7.213164
 7.213164
 7.215849
 7.219073
 7.219073
 7.219073
 7.219073
 7.210709
 7.210562
 7.206136
 7.207059
 7.205834
 7.205834
 7.206480
 7.206038
 7.206038
 7.194822
 7.195154
 7.194835
 7.196008
 7.196008
 7.197761
 7.208907
 7.208917
 7.208917
 7.209115
 7.209115
 7.209115
 7.209477
 7.209477
 7.209477
 7.209477
 7.209477
 7.212966
 7.212966
 7.213073
 7.213073
 7.213375
 7.213375
 7.211732
 7.207581
 7.207850
 7.207850
 7.207782
 7.207782
 7.207782
 7.207532
 7.208713
 7.208189
 7.205973
 7.205973
 7.200042
 7.190591
 7.190289
 7.190289
 7.191099
 7.191099
 7.203740
 7.203790
 7.205795
 7.205795
 7.206086
 7.208152
 7.208152
 7.208152
 7.208152
 7.210190
 7.210190
 7.210190
 7.215634
 7.216623
 7.216623
 7.216623
 7.217370
 7.216547
 7.216293
 7.216293
 7.215707
 7.219074
 7.220531
 7.220531
 7.225759
 7.243763
 7.244062
 7.254867
 7.255674
 7.252128
 7.252128
 7.253946
 7.253946
 7.253946
 7.253359
 7.254609
 7.254749
 7.255191
 7.256170
 7.251211
 7.251670
 7.251670
 7.253364
 7.253364
 7.254033
 7.253724
 7.253870
 7.253870
 7.253870
 7.253870
 7.253870
 7.241107
 7.241107
 7.243586
 7.239600
 7.245233
 7.252849
 7.252849
 7.252849
 7.251903
 7.261991
 7.263521
 7.264740
 7.263416
 7.263846
 7.264284
 7.265347
 7.265347
 7.266670
 7.269487
 7.269487
 7.269487
 7.269573
 7.264663
 7.266794
 7.267444
 7.267444
 7.267444
 7.266047
 7.268522
 7.266810
 7.270259
 7.270429
 7.270346
 7.268002
 7.268002
 7.268002
 7.268002
 7.268211
 7.270155
 7.272321
 7.272321
 7.272321
 7.272321
 7.272321
 7.272321
 7.272321
 7.272554
 7.272554
 7.270366
 7.270352
 7.270352
 7.270352
 7.270364
 7.276689
 7.276689
 7.278914
 7.278914
 7.278914
 7.270536
 7.270536
 7.270537
 7.270537
 7.270537
 7.270537
 7.268327
 7.270615
 7.270615
 7.270615
 7.270615
 7.270615
 7.270255
 7.270255
 7.270255
 7.270117
 7.270042
 7.271015
 7.267304
 7.267304
 7.265903
 7.263883
 7.263883
 7.263883
 7.263883
 7.263883
 7.263883
 7.254158
 7.239306
 7.241020
 7.241083
 7.228486
 7.228597
 7.223154
 7.223154
 7.223862
 7.228663
 7.228610
 7.227823
 7.227823
 7.227890
 7.229081
 7.226543
 7.226543
 7.224202
 7.225515
 7.225515
 7.225708
 7.226098
 7.226265
 7.219320
 7.218492
 7.218492
 7.218391
 7.219400
 7.219400
 7.219591
 7.227782
 7.228695
 7.225788
 7.225788
 7.225788
 7.225788
 7.225959
 7.225959
 7.225260
 7.222539
 7.219972
 7.222554
 7.223288
 7.224218
 7.217837
 7.217837
 7.221424
 7.221752
 7.221752
 7.221752
 7.220740
 7.224129
 7.224129
 7.224129
 7.224129
 7.224129
 7.226997
 7.226997
 7.233502
 7.233374
 7.234521
 7.237027
 7.237027
 7.237027
 7.242382
 7.242382
 7.242382
 7.242382
 7.241774
 7.238404
 7.242938
 7.242768
 7.230268
 7.230214
 7.230156
 7.230156
 7.220281
 7.220281
 7.218376
 7.218376
 7.219677
 7.217147
 7.217147
 7.211901
 7.210485
 7.209007
 7.209007
 7.223320
 7.223320
 7.222259
 7.222385
 7.222385
 7.222385
 7.224765
 7.224765
 7.224765
 7.224765
 7.224765
 7.224765
 7.224591
 7.224591
 7.225527
 7.225527
 7.225527
 7.225527
 7.225529
 7.225529
 7.226372
 7.234054
 7.234054
 7.236970
 7.236970
 7.236970
 7.239669
 7.243898
 7.243898
 7.244660
 7.244377
 7.244377
 7.242809
 7.242250
 7.241824
 7.241824
 7.241801
 7.241801
 7.241801
 7.235111
 7.235111
 7.235111
 7.234483
 7.234483
 7.238402
 7.242256
 7.242256
 7.249706
 7.251056
 7.251056
 7.251565
 7.249157
 7.249157
 7.251767
 7.251767
 7.250149
 7.250227
 7.250227
 7.245093
 7.245093
 7.245097
 7.245097
 7.245106
 7.245106
 7.245106
 7.244654
 7.244654
 7.244654
 7.244654
 7.248720
 7.248869
 7.250552
 7.250552
 7.250552
 7.239008
 7.239409
 7.239409
 7.238990
 7.239436
 7.239481
 7.240619
 7.238639
 7.239209
 7.239460
 7.239460
 7.239460
 7.239460
 92
 8.241992
 8.242467
 8.242467
 8.242467
 8.244650
 8.239522
 8.239522
 8.239522
 8.239522
 8.266960
 8.266677
 8.266103
 8.251114
 8.251114
 8.251114
 8.251179
 8.250804
 8.252037
 8.251817
 182
 8.373182
 08
 343167
 8.343167
 8.343167
 8.346022
 8.346022
 8.346022
 8.346022
 8.345087
 8.322642
 8.324432
 8.324432
 8.324466
 8.324466
 8.324466
 8.337706
 8.345123
 8.337311
 8.337367
 8.337338
 8.338872
 8.338872
 8.338872
 8.342313
 8.342303
 8.345043
 8.342433
 1588
 8.341588
 8.342426
 330648
 9.330841
 9.330841
 9.323742
 9.323742
 9.323742
 9.323742
 9.323742
 9.324039
 9.324039
 9.326374
 9.326462
 9.326688
 9.316699
 9.316699
 9.295052
 9.295419
 9.296189
 9.296162
 9.296371
 9.296371
 9.296850
 9.296850
 9.296850
 9.299111
 9.299111
 9.299111
 9.299118
 9.299118
 9.299118
 9.299118
 9.298957
 9.298838
 9.299958
 9.300010
 9.297634
 9.297634
 9.297722
 9.297962
 9.300410
 9.300439
 9.300439
 9.301115
 9.308433
 9.308433
 9.308728
 9.310243
 9.310302
 9.310602
 9.309921
 9.309921
 9.309921
 9.309921
 9.307576
  10.283564
 10.283564
 10.283564
 10.284492
 10.285273
 10.285655
 10.285578
 10.285578
 10.285578
 10.287097
 10.281540
 10.279067
 10.279067
 10.279067
 10.258727
 10.260656
 10.260661
 10.260211
 10.259604
 10.266276
 10.262149
 10.262149
 10.262191
 10.262254
 10.262254
 10.262254
 10.262180
 10.254637
 10.254045
 10.254045
 10.254532
 10.254486
 10.254486
 10.254398
 10.254398
 10.254398
 10.258279
 10.258277
 10.258303
 10.258086
 10.258086
 10.250900
 10.251268
 10.251268
 10.251973
 10.252200
 10.252200
 10.252200
 10.252200
 10.252343
 10.251415
 10.248281
 10.248281
 10.248627
 10.248687
 