shade_wo_archive, std
44942.883987
 22617.055168
 8815.411540
 3152.009770
 1325.185356
 1296.841719
 1293.243324
 1290.542600
 755.503270
 757.495783
 171.106354
 150.598621
 66.112036
 67.824974
 68.932054
 69.905180
 66.476990
 63.957556
 64.237521
 64.996436
 66.703543
 67.142208
 58.122535
 57.591966
 56.211099
 59.088004
 56.972792
 54.761932
 54.871540
 55.069924
 54.133750
 49.758250
 49.931809
 50.730126
 50.056741
 48.504377
 47.453856
 47.599516
 47.213090
 44.616188
 42.234801
 41.930397
 42.100582
 38.640523
 38.183142
 38.646578
 38.502816
 35.520422
 34.878182
 32.572327
 30.620718
 30.806695
 25.255289
 24.339617
 23.276966
 23.004214
 23.187940
 23.534138
 23.573023
 23.334720
 23.206425
 23.595114
 23.783509
 23.913197
 24.037524
 24.190037
 24.480544
 24.480544
 24.802812
 24.795668
 24.790581
 24.785430
 24.785430
 24.835772
 24.835772
 24.709568
 24.695672
 24.723321
 24.888058
 24.888058
 24.888058
 24.753893
 24.653217
 24.699890
 24.649322
 24.599585
 24.596594
 24.356677
 24.349016
 24.348823
 24.346429
 24.366825
 24.377769
 24.382805
 24.404090
 24.507737
 24.450258
 24.450258
 24.526530
 24.626561
 24.531951
 24.531951
 24.531951
 24.544042
 24.541798
 24.492616
 24.540732
 24.540732
 24.494086
 24.463929
 24.457188
 24.474645
 24.413420
 24.637076
 24.537809
 24.542299
 24.610870
 24.597660
 24.597660
 24.598303
 24.657022
 24.727602
 24.792737
 24.741370
 24.741370
 25.246637
 25.219529
 25.234248
 22.502039
 22.502039
 22.549880
 22.481913
 22.632242
 22.722232
 22.971100
 22.997951
 22.970211
 23.275139
 23.281295
 23.281557
 23.259258
 23.092417
 23.176831
 23.354577
 23.366375
 23.411857
 23.520086
 23.567409
 23.567409
 23.597987
 23.599255
 23.574179
 23.603411
 23.630929
 23.502917
 23.508508
 21.729860
 21.729860
 21.715072
 21.774510
 21.774510
 21.802883
 21.823111
 21.993420
 21.989031
 21.996649
 21.958551
 21.925429
 21.896826
 21.896826
 21.920879
 21.976657
 21.992601
 22.052745
 22.038964
 22.130064
 22.130478
 22.568266
 22.569465
 22.575910
 22.574179
 22.605778
 22.648566
 22.651903
 22.656591
 22.655934
 22.661508
 22.679715
 22.704916
 22.666964
 22.749509
 22.759943
 22.792664
 22.858200
 22.862299
 22.838891
 22.940314
 23.055456
 23.057865
 23.121101
 23.121101
 23.186509
 23.206298
 23.294582
 23.601373
 23.600583
 23.681467
 23.681467
 23.677537
 23.720503
 23.826477
 23.760156
 23.802218
 23.823265
 23.823265
 23.864718
 23.917378
 23.925570
 23.959537
 24.054567
 24.079790
 24.122141
 24.069212
 24.072322
 24.148618
 24.176508
 24.174090
 24.212913
 24.187901
 24.199059
 24.255899
 24.321745
 24.347720
 24.419130
 24.427858
 24.452945
 24.473507
 24.503385
 24.512703
 24.523086
 24.558441
 24.597037
 24.619531
 24.669669
 24.669669
 24.756857
 24.833359
 24.831618
 24.850288
 24.856310
 24.915796
 24.963914
 24.966046
 24.966046
 25.006553
 25.007986
 24.951635
 24.972855
 24.972864
 24.897046
 24.909932
 24.867135
 24.888000
 24.940480
 24.939338
 24.983121
 24.994859
 25.234455
 25.240266
 25.282897
 25.292860
 25.292860
 25.293977
 25.309787
 25.363782
 25.376536
 25.343087
 25.343841
 25.348163
 25.354581
 25.416971
 25.457422
 25.492478
 25.542837
 25.590990
 25.581699
 25.614896
 25.614896
 25.609780
 25.432382
 25.458372
 25.515067
 25.595099
 25.594751
 25.647467
 25.647467
 25.647106
 25.662523
 25.671397
 25.767955
 25.864255
 25.866817
 25.891882
 25.891882
 25.893303
 25.876545
 25.925548
 25.931054
 25.958207
 25.962466
 25.970809
 26.097324
 26.004489
 26.004489
 26.002115
 26.034097
 26.069087
 26.126175
 26.137400
 26.170773
 26.170773
 26.180777
 26.188450
 26.183362
 26.185199
 26.222268
 25.937192
 25.937192
 25.939301
 25.820569
 25.847504
 25.872852
 25.859324
 25.859324
 25.951713
 25.954171
 25.959009
 25.946889
 25.990386
 25.990626
 25.999769
 26.002623
 26.012691
 26.022612
 25.979027
 25.988225
 25.979382
 26.062813
 26.069960
 26.072794
 26.094542
 26.079317
 26.113565
 26.147035
 26.148044
 26.153283
 26.185514
 26.206632
 26.207574
 26.211169
 26.217283
 26.226016
 26.226331
 26.217952
 26.236085
 26.199597
 26.204661
 26.243700
 26.235249
 26.271178
 26.139979
 26.136074
 26.174304
 26.174874
 26.185866
 26.193229
 26.195011
 26.175670
 26.217836
 26.240219
 26.204174
 26.208067
 26.211428
 25.575470
 25.576435
 25.581842
 25.590064
 25.591387
 25.563475
 25.567315
 25.594154
 25.509469
 25.547588
 25.664181
 25.651086
 25.690175
 25.689724
 25.663182
 25.663182
 25.668831
 25.673783
 25.674862
 25.689512
 25.697983
 25.711352
 25.723348
 25.738179
 25.741458
 25.756890
 25.791380
 25.793756
 25.796337
 25.823249
 25.767968
 25.767177
 25.766885
 25.773905
 25.775585
 25.790614
 25.790707
 25.793730
 25.793083
 25.803026
 25.825023
 25.838247
 25.888177
 25.883691
 25.848442
 25.847832
 25.854444
 25.857833
 25.859853
 25.904343
 25.904281
 25.905635
 25.906942
 25.905558
 25.909340
 25.938626
 25.946805
 25.958584
 25.924874
 25.966635
 25.984745
 25.981033
 26.021077
 25.862130
 25.088523
 25.114400
 25.124468
 25.126566
 25.104526
 25.166630
 25.170653
 25.179753
 25.187192
 25.197219
 25.197219
 25.198401
 25.198510
 25.198644
 25.203989
 25.209582
 25.205960
 25.210385
 25.221459
 25.189393
 25.197376
 25.204039
 25.204039
 25.244276
 25.247909
 25.247934
 25.250171
 25.181964
 25.182871
 25.179683
 25.192235
 25.210307
 25.210359
 25.210359
 25.211013
 25.211043
 25.211457
 25.208210
 25.208515
 25.214094
 25.210391
 25.212891
 25.198846
 25.198332
 25.198572
 25.197858
 25.218103
 25.225820
 25.219069
 25.208081
 25.212193
 25.221572
 25.270748
 25.273212
 25.277404
 25.290693
 25.301112
 25.301112
 25.322776
 25.292133
 25.299850
 25.304716
 25.310803
 25.305864
 25.313081
 25.314643
 25.315003
 25.329482
 25.348300
 25.348415
 25.348340
 25.349962
 25.350020
 25.379021
 25.384476
 25.417413
 25.419192
 25.400053
 25.404286
 25.404665
 25.404665
 25.407526
 25.424628
 25.424058
 25.423718
 25.425720
 25.435996
 25.412337
 25.404912
 25.405144
 25.403857
 25.405255
 25.407149
 25.386796
 25.384405
 25.405947
 25.408017
 25.394823
 25.400261
 25.419024
 25.436467
 25.445270
 25.456325
 25.469603
 25.474517
 25.474517
 25.474511
 25.474059
 25.474059
 25.469897
 25.472649
 25.472630
 25.485188
 25.484477
 25.486833
 25.485472
 25.490641
 25.498384
 25.505177
 25.505834
 25.510031
 25.509219
 25.512325
 25.516388
 25.511044
 25.511617
 25.435061
 25.443339
 25.444682
 25.442975
 25.444506
 25.444014
 25.466754
 25.467272
 25.504847
 25.506646
 25.435777
 25.439869
 25.439617
 25.445607
 25.463598
 25.464072
 25.493263
 25.496015
 25.495103
 25.495824
 25.495476
 25.506699
 25.484494
 25.483908
 25.483911
 25.474179
 25.475249
 25.500235
 25.500235
 25.510518
 25.515850
 25.515849
 25.533798
 25.533814
 25.544276
 25.560250
 25.484651
 25.487369
 25.480952
 25.481964
 25.484919
 25.483329
 25.483093
 25.483106
 25.483474
 25.414162
 25.420737
 25.436534
 25.440853
 25.457575
 25.457753
 25.459090
 25.463923
 25.463744
 25.463455
 25.463450
 25.469361
 25.468312
 25.468312
 25.122448
 25.120418
 25.118481
 25.115754
 25.111998
 25.114007
 25.118508
 25.119353
 25.122269
 25.053993
 25.052748
 25.053138
 25.025070
 25.032152
 25.030926
 25.041917
 25.044903
 25.036585
 25.035812
 24.987856
 24.984149
 24.986732
 24.992274
 24.997205
 24.998954
 25.001684
 25.011612
 25.017020
 25.018754
 25.018240
 25.011811
 25.011811
 25.018926
 25.030068
 24.999237
 24.998166
 25.001303
 25.003164
 24.999182
 24.999277
 25.012113
 25.029391
 25.028988
 25.041461
 25.042030
 25.042328
 25.043318
 25.043318
 25.047253
 25.048080
 25.050771
 25.051542
 25.037132
 25.043347
 25.049229
 25.049229
 25.033130
 25.041343
 25.042495
 25.044177
 25.045002
 25.044403
 25.046672
 25.051282
 25.053573
 25.064998
 25.063361
 25.069165
 25.065172
 25.067318
 25.067256
 25.075348
 25.075210
 25.084661
 25.084661
 25.089612
 25.088278
 25.088756
 25.085412
 25.085611
 25.084654
 25.083897
 25.083914
 25.083374
 25.090425
 25.090602
 25.091689
 25.108232
 25.107362
 25.132730
 25.136754
 25.136754
 25.137019
 25.136958
 25.137194
 25.151137
 25.154057
 25.149284
 25.154641
 25.157179
 25.165560
 25.160788
 25.167514
 25.160281
 25.160921
 25.147083
 25.147310
 25.126722
 25.129251
 25.129251
 25.120940
 25.122499
 25.105890
 25.074123
 25.047266
 25.049567
 24.665073
 24.658063
 24.662029
 24.672169
 24.676504
 24.656095
 24.654361
 24.623158
 24.630602
 24.631476
 24.631531
 24.633397
 24.631419
 24.632148
 24.618459
 24.618540
 24.618777
 24.621111
 24.619335
 24.625462
 24.626008
 24.636313
 24.636937
 24.633955
 24.633639
 24.639075
 24.639089
 24.639518
 24.647520
 24.583476
 24.578060
 24.579121
 24.574192
 24.569893
 24.569913
 24.569913
 24.571071
 24.576666
 24.579702
 24.589610
 24.589850
 24.592362
 24.592362
 24.592362
 24.594887
 24.594618
 24.594618
 24.594618
 24.601415
 24.594979
 24.604792
 24.604812
 24.604812
 24.606129
 24.607725
 24.621828
 24.619418
 24.619501
 24.619506
 24.611209
 24.608580
 24.608286
 24.609342
 24.610582
 24.610763
 24.613962
 24.616000
 24.603276
 24.609762
 24.610587
 24.611160
 24.611160
 24.586433
 24.577935
 24.579948
 24.583511
 24.585129
 24.589194
 24.584872
 24.586953
 24.591080
 24.592953
 24.599323
 24.592572
 24.592572
 24.592314
 24.596154
 24.596904
 24.596784
 24.596784
 24.605181
 24.605629
 24.606578
 24.606576
 24.606647
 24.606249
 24.606282
 24.583308
 24.585000
 24.584935
 24.562345
 24.553751
 24.549482
 24.550087
 24.550087
 24.548338
 24.548359
 24.548359
 24.548512
 24.512871
 24.512105
 24.512386
 24.501771
 24.510835
 24.515023
 24.514974
 24.510775
 24.510835
 24.515852
 24.517735
 24.517735
 24.517735
 24.514332
 24.517966
 24.519531
 24.517848
 24.520127
 24.521874
 24.523068
 24.522693
 24.534254
 24.534254
 24.536287
 24.526856
 24.537154
 24.535708
 24.535345
 24.535345
 24.559087
 24.559114
 24.559114
 24.534257
 24.534030
 24.534013
 24.534013
 24.539148
 24.541755
 24.541827
 24.541550
 24.546832
 24.547444
 24.547790
 24.548467
 24.539217
 24.545998
 24.543230
 24.543230
 24.536575
 24.536575
 24.535658
 24.536146
 24.536732
 24.567898
 24.567907
 24.567907
 24.572150
 24.574449
 24.577498
 24.577549
 24.577899
 24.577673
 24.578018
 24.592238
 24.591500
 24.593389
 24.591423
 24.591423
 24.596193
 24.596193
 24.596193
 24.601364
 24.602814
 24.603345
 24.594508
 24.594911
 24.594930
 24.595010
 24.595010
 24.596745
 24.596745
 24.596187
 24.596187
 24.595950
 24.594387
 24.594311
 24.596513
 24.601435
 24.602380
 24.603797
 24.604539
 24.604689
 24.604362
 24.618288
 24.622057
 24.622057
 24.620327
 24.620452
 24.620452
 24.603964
 24.603687
 24.584877
 24.585461
 24.584930
 24.590044
 24.585984
 24.581321
 24.581825
 24.582403
 24.582403
 24.583809
 24.553979
 24.560974
 24.560962
 24.561040
 24.564873
 24.564777
 24.564830
 24.566700
 24.569324
 24.569324
 24.570674
 24.573845
 24.573195
 24.573161
 24.573704
 24.586560
 24.586560
 24.586465
 24.586465
 24.586685
 24.586617
 24.586092
 24.586092
 24.586092
 24.568811
 24.575895
 24.575519
 24.575519
 24.584770
 24.584901
 24.585342
 24.585342
 24.585342
 24.585342
 24.584311
 24.584184
 24.584184
 24.586204
 24.566137
 24.566295
 24.566229
 24.564512
 24.565323
 24.564992
 24.565073
 24.565817
 24.565817
 24.565938
 24.573658
 24.575237
 24.573138
 24.574502
 24.574435
 24.574435
 24.575020
 24.575064
 24.574793
 24.575083
 24.575041
 24.575041
 24.574999
 24.573372
 24.564008
 24.564008
 24.564008
 24.564013
 24.562743
 24.562743
 24.562843
 24.565765
 24.566126
 24.566132
 24.566321
 24.566263
 24.569045
 24.569045
 24.569113
 24.569809
 24.569809
 24.569809
 24.571519
 24.571648
 24.572142
 24.572142
 24.572272
 24.573165
 24.573165
 24.573113
 24.573129
 24.573033
 24.573241
 24.573938
 24.569107
 24.573222
 24.573222
 24.576157
 24.576853
 24.576913
 24.576914
 24.577245
 24.576985
 24.577335
 24.577351
 24.577180
 24.578719
 24.581619
 24.581619
 24.581619
 24.582407
 24.582446
 24.580537
 24.580914
 24.580914
 24.586904
 24.588712
 24.584131
 24.584167
 24.582332
 24.582332
 24.582348
 24.581882
 24.581620
 24.582560
 24.581866
 24.582446
 24.583761
 24.580159
 24.581444
 24.585644
 24.585626
 24.582900
 24.582617
 24.582617
 24.582772
 24.582418
 24.582640
 24.582675
 24.585025
 24.585251
 24.585485
 24.585485
 24.585739
 24.585768
 24.585345
 24.584275
 24.581638
 24.581267
 24.580680
 24.580680
 24.580680
 24.578607
 24.578617
 24.578617
 24.578727
 24.579570
 24.578789
 24.578789
 24.586966
 24.587058
 24.587011
 24.587314
 24.586459
 24.541460
 24.546326
 24.546326
 24.546326
 24.546177
 24.546207
 24.546463
 24.546019
 24.546019
 24.520451
 24.522204
 24.499953
 24.500133
 24.499537
 24.499968
 24.498118
 24.498279
 24.498279
 24.498979
 24.498979
 24.498965
 24.498965
 24.498965
 24.499294
 24.499545
 24.499619
 24.499621
 24.505453
 24.509920
 24.510029
 24.510417
 24.510662
 24.512111
 24.514429
 24.517821
 24.518753
 24.518753
 24.519078
 24.519153
 24.520613
 24.520613
 24.520613
 24.520613
 24.520616
 24.520616
 24.520616
 24.520616
 24.520619
 24.520803
 24.520803
 24.521007
 24.521293
 24.521449
 24.522212
 24.527246
 24.528019
 24.528393
 24.528645
 24.528645
 24.528625
 24.514561
 24.514875
 24.514875
 24.514871
 24.515009
 24.519084
 24.522469
 24.520762
 24.519480
 24.519565
 24.519624
 24.513115
 24.512868
 24.511927
 24.508646
 24.511533
 24.511533
 24.511634
 24.512398
 24.510624
 24.509967
 24.509967
 24.509967
 24.510581
 24.510979
 24.510979
 24.510972
 24.510972
 24.511008
 24.511039
 24.511105
 24.511105
 24.510709
 24.508979
 24.508971
 24.510595
 24.510595
 24.510595
 24.509480
 24.509488
 24.509093
 24.509097
 24.509097
 24.507312
 24.507353
 24.506380
 24.506423
 24.501303
 24.501868
 24.502011
 24.503057
 24.503057
 24.503057
 24.503153
 24.503145
 24.506582
 24.504739
 24.504739
 24.504739
 24.505318
 24.503768
 24.505749
 24.505749
 24.504999
 24.504443
 24.504451
 24.504655
 24.504172
 24.504622
 24.504622
 24.507460
 24.506216
 24.506211
 24.506935
 24.506935
 24.506941
 24.507009
 24.507243
 24.508601
 24.493311
 24.490587
 24.490524
 24.490103
 24.490103
 24.490103
 24.490103
 24.490182
 24.488860
 24.488869
 24.488869
 24.489010
 24.489421
 24.489456
 24.493164
 24.493181
 24.493002
 24.493366
 24.493369
 24.494991
 24.495163
 24.495155
 24.493101
 24.493112
 24.493045
 24.490940
 24.490940
 24.490536
 24.490536
 24.490539
 24.490539
 24.490603
 24.490642
 24.490858
 24.490402
 24.490587
 24.490587
 24.489068
 24.489068
 24.489068
 24.489180
 24.489175
 24.489175
 24.489175
 24.489175
 24.489515
 24.489515
 24.489479
 24.489562
 24.489572
 24.490084
 24.490297
 24.490951
 24.490951
 24.490951
 24.491344
 24.491350
 24.491378
 24.491378
 24.491539
 24.491604
 24.491823
 24.492234
 24.492234
 24.497887
 24.497971
 24.498508
 24.496604
 24.496452
 24.496715
 24.497704
 24.497704
 24.497704
 24.497680
 24.498252
 24.498252
 24.493066
 24.493473
 24.493473
 24.493771
 24.494247
 24.494412
 24.492200
 24.492203
 24.492209
 24.492799
 24.492950
 24.492961
 24.492961
 24.497024
 24.497182
 24.497173
 24.495379
 24.495649
 24.495968
 24.500143
 24.500143
 24.500161
 24.495234
 24.495438
 24.495438
 24.495480
 24.493714
 24.493714
 24.493714
 24.493589
 24.493601
 24.493601
 24.494275
 24.494275
 24.494288
 24.495781
 24.496354
 24.496598
 24.496398
 24.496597
 24.496760
 24.497002
 24.497002
 24.497034
 24.497109
 24.497109
 24.496869
 24.496966
 24.498815
 24.499128
 24.499128
 24.502430
 24.502532
 24.502207
 24.502290
 24.502701
 24.502709
 24.502666
 24.502666
 24.502666
 24.502392
 24.502403
 24.498244
 24.504659
 24.504819
 24.504828
 24.504621
 24.504851
 24.504851
 24.504982
 24.506072
 24.506936
 24.506889
 24.508235
 24.508235
 24.508490
 24.508342
 24.508342
 24.508739
 24.508739
 24.509762
 24.510210
 24.510223
 24.510669
 24.508974
 24.508974
 24.514147
 24.514172
 24.514172
 24.514168
 24.515673
 24.515673
 24.515811
 24.515924
 24.516165
 24.516169
 24.516169
 24.516213
 24.514970
 24.515635
 24.515645
 24.516099
 24.516026
 24.516026
 24.517133
 24.517013
 24.517013
 24.517374
 24.517374
 24.517522
 24.517364
 24.519525
 24.519811
 24.519805
 24.519807
 24.519810
 24.519789
 24.519923
 24.520097
 24.519312
 24.519464
 24.519650
 24.519650
 24.519493
 24.519491
 24.520028
 24.520028
 24.520150
 24.520817
 24.520817
 24.520927
 24.521181
 24.520179
 24.519734
 24.520588
 24.521997
 24.520053
 24.520068
 24.520068
 24.520830
 24.52 0.000000
 0.000000
 0.000000
 0.000000
 0.000000
 0.000000
 0.000000
 0.000000
 0.000000
 0.000000
 0.000000
 0.000000
 0.000000
 0.000000
 0.000000
 0.000000
 0.000000
 0.000000
 0.000000
 0.000000
 0.000000
 0.000000
 0.000000
 0.000000
 0.000000
 0.000000
 0.000000
 0.000000
 0.000000
 0.000000
 0.000000
 0.000000
 0.000000
 0.000000
 0.000000
 0.000000
 0.000000
 0.000000
 0.000000
 0.000000
 0.000000
 0.000000
 0.000000
 0.000000
 0.000000
 0.000000
 0.000000
 0.000000
 0.000000
 0.000000
 0.000000
 0.000000
 0.000000
 0.000000
 0.000000
 0.000000
 0.000000
 0.000000
 0.000000
 0.000000
 0.000000
 0.000000
 0.000000
 0.000000
 0.000000
 0.000000
 0.000000
 0.000000
 0.000000
 0.000000
 0.000000
 0.000000
 0.000000
 0.000000
 0.000000
 0.000000
 0.000000
 0.000000
 0.000000
 0.000000
 0.000000
 0.000000
 0.000000
 0.000000
 0.000000
 0.000000
 0.000000
 0.000000
 0.000000
 0.000000
 0.000000
 0.000000
 0.000000
 0.000000
 0.000000
 0.000000
 0.000000
 0.000000
 0.000000
 0.000000
 0.000000
 0.000000
 0.000000
 0.000000
 0.000000
 0.000000
 0.000000
 0.000000
 0.000000
 0.000000
 0.000000
 0.000000
 0.000000
 0.000000
 0.000000
 0.000000
 0.000000
 0.000000
 0.000000
 0.000000
 0.000000
 0.000000
 0.000000
 0.000000
 0.000000
 0.000000
 0.000000
 0.000000
 0.000000
 0.000000
 0.000000
 0.000000
 0.000000
 0.000000
 0.000000
 0.000000
 0.000000
 0.000000
 0.000000
 0.000000
 0.000000
 0.000000
 0.000000
 0.000000
 0.000000
 0.000000
 0.000000
 0.000000
 0.000000
 0.000000
 0.000000
 0.000000
 0.000000
 0.000000
 0.000000
 0.000000
 0.000000
 0.000000
 0.000000
 0.000000
 0.000000
 0.000000
 0.000000
 0.000000
 0.000000
 0.000000
 0.000000
 0.000000
 0.000000
 0.000000
 0.000000
 0.000000
 0.000000
 0.000000
 0.000000
 0.000000
 0.000000
 0.000000
 0.000000
 0.000000
 0.000000
 0.000000
 0.000000
 0.000000
 0.000000
 0.000000
 0.000000
 0.000000
 0.000000
 0.000000
 0.000000
 0.000000
 0.000000
 0.000000
 0.000000
 0.000000
 0.000000
 0.000000
 0.000000
 0.000000
 0.000000
 0.000000
 0.000000
 0.000000
 0.000000
 0.000000
 0.000000
 0.000000
 0.000000
 0.000000
 0.000000
 0.000000
 0.000000
 0.000000
 0.000000
 0.000000
 0.000000
 0.000000
 0.000000
 0.000000
 0.000000
 0.000000
 0.000000
 0.000000
 0.000000
 0.000000
 0.000000
 0.000000
 0.000000
 0.000000
 0.000000
 0.000000
 0.000000
 0.000000
 0.000000
 0.000000
 0.000000
 0.000000
 0.000000
 0.000000
 0.000000
 0.000000
 0.000000
 0.000000
 0.000000
 0.000000
 0.000000
 0.000000
 0.000000
 0.000000
 0.000000
 0.000000
 0.000000
 0.000000
 0.000000
 0.000000
 0.000000
 0.000000
 0.000000
 0.000000
 0.000000
 0.000000
 0.000000
 0.000000
 0.000000
 0.000000
 0.000000
 0.000000
 0.000000
 0.000000
 0.000000
 0.000000
 0.000000
 0.000000
 0.000000
 0.000000
 0.000000
 0.000000
 0.000000
 0.000000
 0.000000
 0.000000
 0.000000
 0.000000
 0.000000
 0.000000
 0.000000
 0.000000
 0.000000
 0.000000
 0.000000
 0.000000
 0.000000
 0.000000
 0.000000
 0.000000
 0.000000
 0.000000
 0.000000
 0.000000
 0.000000
 0.000000
 0.000000
 0.000000
 0.000000
 0.000000
 0.000000
 0.000000
 0.000000
 0.000000
 0.000000
 0.000000
 0.000000
 0.000000
 0.000000
 0.000000
 0.000000
 0.000000
 0.000000
 0.000000
 0.000000
 0.000000
 0.000000
 0.000000
 0.000000
 0.000000
 0.000000
 0.000000
 0.000000
 0.000000
 0.000000
 0.000000
 0.000000
 0.000000
 0.000000
 0.000000
 0.000000
 0.000000
 0.000000
 0.000000
 0.000000
 0.000000
 0.000000
 0.000000
 0.000000
 0.000000
 0.000000
 0.000000
 0.000000
 0.000000
 0.000000
 0.000000
 0.000000
 0.000000
 0.000000
 0.000000
 0.000000
 0.000000
 0.000000
 0.000000
 0.000000
 0.000000
 0.000000
 0.000000
 0.000000
 0.000000
 0.000000
 0.000000
 0.000000
 0.000000
 0.000000
 0.000000
 0.000000
 0.000000
 0.000000
 0.000000
 0.000000
 00
 0.000000
 0.000000
 0.000000
 2639
 6.693266
 6.693655
 6.693132
 6.693350
 6.672299
 6.671553
 6.671542
 6.671491
 6.671497
 6.671619
 6.671619
 6.671619
 6.671685
 6.671712
 6.671712
 6.671712
 6.671149
 6.670747
 6.666095
 6.666095
 6.666095
 6.666095
 6.666026
 6.666051
 6.666118
 6.666118
 6.666292
 0562
 24.140830
 24.140830
 24.140102
 24.140677
 24.140689
 24.123041
 24.123235
 24.123235
 24.124065
 24.125320
 24.125297
 24.125306
 24.125424
 24.126233
 24.125890
 24.125890
 24.125890
 24.126369
 24.127087
 24.127087
 24.127092
 24.127132
 24.127759
 24.127759
 24.127669
 24.127669
 24.127669
 24.127669
 24.127669
 24.127737
 24.127858
 24.127796
 24.127867
 24.127867
 24.128528
 24.128528
 24.128528
 24.132709
 24.133268
 24.133320
 24.133135
 24.133135
 24.132950
 24.132938
 24.132955
 24.132249
 24.132249
 24.132275
 24.132275
 24.131763
 24.131772
 24.131882
 24.132216
 24.132326
 24.132326
 24.132326
 24.131988
 24.132025
 24.132135
 24.132172
 24.132398
 24.132398
 24.132879
 24.132879
 24.132893
 24.133052
 24.133181
 24.133305
 24.133305
 24.133681
 24.124625
 24.124477
 24.124477
 24.123144
 24.123068
 24.122888
 24.122888
 24.122869
 24.122869
 24.118973
 24.119551
 24.119564
 24.119503
 24.118610
 24.119134
 24.119134
 24.119491
 24.119491
 24.119491
 24.119491
 24.119491
 24.119491
 24.119491
 24.119491
 24.119523
 24.119674
 24.119746
 24.120019
 24.120019
 24.120019
 24.118761
 24.118761
 24.118279
 24.118187
 24.119496
 24.119599
 24.119700
 24.119700
 24.121896
 24.121915
 24.121981
 24.121829
 24.121802
 24.121802
 24.121799
 24.121812
 24.121758
 24.121919
 24.121919
 24.129766
 24.129536
 24.129577
 24.129480
 24.129363
 24.129363
 24.126277
 24.126277
 24.126277
 24.126277
 24.126306
 24.126288
 24.126874
 24.127151
 24.127288
 24.127331
 24.127204
 24.118025
 24.118025
 24.109011
 24.109011
 24.109134
 24.109134
 3921
 41992
   