shade_wo_archive, std
19815994.015258
 15837821.898539
 9895412.511615
 4294558.030805
 3096804.004193
 2946292.253138
 1323149.478403
 756035.201186
 663058.950218
 102025.570480
 56465.047126
 26523.045563
 21312.005929
 21000.262791
 8663.525245
 1034.755862
 571.019575
 340.990241
 237.987344
 160.918969
 88.339607
 65.291677
 33.512215
 25.199202
 11.579086
 9.675566
 8.290646
 7.886043
 7.879837
 4.496786
 2.868818
 2.788777
 2.740085
 2.668108
 1.856974
 1.759164
 1.457640
 1.431647
 1.498411
 1.477707
 1.469072
 1.465917
 1.346381
 1.399602
 1.356311
 1.392552
 1.339620
 1.295765
 1.227696
 1.227696
 1.240202
 1.231155
 1.251690
 1.272178
 1.268074
 1.245897
 1.194830
 1.194830
 1.194830
 1.160534
 1.126114
 1.149539
 1.147288
 1.135850
 1.067658
 1.015796
 0.993885
 0.969826
 0.946189
 0.951724
 0.951724
 0.960684
 0.963352
 0.917653
 0.862868
 0.853711
 0.845839
 0.811841
 0.903868
 0.852208
 0.846854
 0.853731
 0.861356
 0.842119
 0.829391
 0.845037
 0.842762
 0.891747
 0.850636
 0.871087
 0.817599
 0.817598
 0.853753
 0.853753
 0.841459
 0.857392
 0.852967
 0.852967
 0.852967
 0.848747
 0.848590
 0.852791
 0.848778
 0.848778
 0.848776
 0.852297
 0.849922
 0.847500
 0.847500
 0.847500
 0.840689
 0.787553
 0.778028
 0.770310
 0.812589
 0.812589
 0.817719
 0.824204
 0.828019
 0.835924
 0.835924
 0.830205
 0.821662
 0.821129
 0.821129
 0.835004
 0.844507
 0.844507
 0.853275
 0.851583
 0.851725
 0.851725
 0.857449
 0.869474
 0.869474
 0.871977
 0.871977
 0.849546
 0.849587
 0.853486
 0.853486
 0.853459
 0.854106
 0.854106
 0.860945
 0.860945
 0.860983
 0.867308
 0.867308
 0.865185
 0.851209
 0.820155
 0.819325
 0.838012
 0.838012
 0.838012
 0.857963
 0.859942
 0.811049
 0.812343
 0.858288
 0.857743
 0.860429
 0.863239
 0.878624
 0.890094
 0.888822
 0.882689
 0.872759
 0.877969
 0.877969
 0.882736
 0.873784
 0.846666
 0.846851
 0.847211
 0.849405
 0.852713
 0.848913
 0.848913
 0.850295
 0.822460
 0.834639
 0.820208
 0.816868
 0.804272
 0.792304
 0.757329
 0.746837
 0.740824
 0.726978
 0.726666
 0.732328
 0.721746
 0.708127
 0.667662
 0.649230
 0.649329
 0.649329
 0.649343
 0.649343
 0.647612
 0.677817
 0.674982
 0.665959
 0.666273
 0.674169
 0.675072
 0.657236
 0.662023
 0.667955
 0.688611
 0.684954
 0.704401
 0.699787
 0.689349
 0.688684
 0.688684
 0.700460
 0.691617
 0.691739
 0.691596
 0.687339
 0.685783
 0.687802
 0.674647
 0.676107
 0.674521
 0.666600
 0.676975
 0.673434
 0.641432
 0.646598
 0.637104
 0.652246
 0.651696
 0.645809
 0.652185
 0.640118
 0.653111
 0.610358
 0.591236
 0.590661
 0.604802
 0.634949
 0.649945
 0.644829
 0.626226
 0.627627
 0.627627
 0.623791
 0.621720
 0.606151
 0.609968
 0.613289
 0.594077
 0.578704
 0.569976
 0.582868
 0.588971
 0.542573
 0.542573
 0.542573
 0.551613
 0.551613
 0.549446
 0.529035
 0.523051
 0.521257
 0.518578
 0.518646
 0.518646
 0.518646
 0.523481
 0.526264
 0.528339
 0.515525
 0.517327
 0.511302
 0.495318
 0.498401
 0.487371
 0.488988
 0.490367
 0.486819
 0.485925
 0.488647
 0.494821
 0.492558
 0.490506
 0.490506
 0.469289
 0.474293
 0.444829
 0.439553
 0.439124
 0.446768
 0.444497
 0.443302
 0.452385
 0.441530
 0.443069
 0.445928
 0.443963
 0.450936
 0.449198
 0.456240
 0.448820
 0.447851
 0.447590
 0.444213
 0.435119
 0.435119
 0.427331
 0.427331
 0.427356
 0.437496
 0.434509
 0.430302
 0.432527
 0.432615
 0.431631
 0.431603
 0.436516
 0.434843
 0.436345
 0.436080
 0.423781
 0.418513
 0.418169
 0.419332
 0.395528
 0.395843
 0.377835
 0.376943
 0.376943
 0.375395
 0.379418
 0.380614
 0.381435
 0.381755
 0.382109
 0.382109
 0.382109
 0.383410
 0.373719
 0.373719
 0.374027
 0.374027
 0.374061
 0.374086
 0.375129
 0.379219
 0.372878
 0.371168
 0.366343
 0.365754
 0.365916
 0.369305
 0.369305
 0.370910
 0.374100
 0.378360
 0.379845
 0.373612
 0.376440
 0.375947
 0.377915
 0.375036
 0.377543
 0.379931
 0.375634
 0.375917
 0.375916
 0.371646
 0.371646
 0.371646
 0.369340
 0.350776
 0.350770
 0.346864
 0.346864
 0.346864
 0.346864
 0.346685
 0.344425
 0.345456
 0.346769
 0.346769
 0.346769
 0.345386
 0.343634
 0.343529
 0.341597
 0.341211
 0.341373
 0.342265
 0.342135
 0.342135
 0.341855
 0.345197
 0.345682
 0.348087
 0.348569
 0.342070
 0.342627
 0.343415
 0.332523
 0.333742
 0.333632
 0.333680
 0.333680
 0.336528
 0.345601
 0.317169
 0.315613
 0.314894
 0.314894
 0.316263
 0.316500
 0.316314
 0.316314
 0.316314
 0.314104
 0.318167
 0.318525
 0.312717
 0.312554
 0.308498
 0.308055
 0.308055
 0.308055
 0.307797
 0.309394
 0.312104
 0.312169
 0.312832
 0.313354
 0.314476
 0.314476
 0.280971
 0.279815
 0.279815
 0.280219
 0.280216
 0.280041
 0.280041
 0.280804
 0.280844
 0.275302
 0.275302
 0.271476
 0.273267
 0.274450
 0.266302
 0.266250
 0.266068
 0.266193
 0.277906
 0.277962
 0.270047
 0.270145
 0.255501
 0.256062
 0.256330
 0.253398
 0.252723
 0.252045
 0.252773
 0.251402
 0.251894
 0.251633
 0.251281
 0.251270
 0.249928
 0.250003
 0.249477
 0.249477
 0.249720
 0.249709
 0.249268
 0.250214
 0.246610
 0.246772
 0.246898
 0.246404
 0.246632
 0.249684
 0.251125
 0.251125
 0.251162
 0.251698
 0.251698
 0.254006
 0.254006
 0.251760
 0.252029
 0.251374
 0.251188
 0.249281
 0.249281
 0.249323
 0.246286
 0.245830
 0.245831
 0.245845
 0.245820
 0.245133
 0.245114
 0.248309
 0.247308
 0.246255
 0.246865
 0.250387
 0.250001
 0.249866
 0.251353
 0.251384
 0.251736
 0.250352
 0.250352
 0.251690
 0.251878
 0.251930
 0.251917
 0.251920
 0.252625
 0.252625
 0.251310
 0.251310
 0.252176
 0.253203
 0.253681
 0.253901
 0.255613
 0.255786
 0.256952
 0.256402
 0.252888
 0.252885
 0.253837
 0.256010
 0.255577
 0.253998
 0.253605
 0.253748
 0.253778
 0.253941
 0.250819
 0.250470
 0.249917
 0.249917
 0.249916
 0.250060
 0.250470
 0.250539
 0.250539
 0.250539
 0.250743
 0.256206
 0.256206
 0.257873
 0.257613
 0.257729
 0.257626
 0.253885
 0.255219
 0.254605
 0.254121
 0.254549
 0.254839
 0.255110
 0.255231
 0.255585
 0.255591
 0.255926
 0.257403
 0.256926
 0.256926
 0.257026
 0.256944
 0.259425
 0.259289
 0.262713
 0.262643
 0.262132
 0.262028
 0.263226
 0.264780
 0.264780
 0.264904
 0.270284
 0.270235
 0.268484
 0.268348
 0.268195
 0.269025
 0.269025
 0.269025
 0.269022
 0.269022
 0.269174
 0.265369
 0.265443
 0.265235
 0.262836
 0.263552
 0.262965
 0.262182
 0.262006
 0.262006
 0.262006
 0.262006
 0.260104
 0.260133
 0.261869
 0.262027
 0.263541
 0.262126
 0.262126
 0.262203
 0.262269
 0.260330
 0.261443
 0.265206
 0.266029
 0.265945
 0.266838
 0.268286
 0.268109
 0.268370
 0.260906
 0.261306
 0.261307
 0.260021
 0.260021
 0.258617
 0.258617
 0.259817
 0.258415
 0.259397
 0.259168
 0.258062
 0.258146
 0.258408
 0.260043
 0.258648
 0.257841
 0.257777
 0.258327
 0.259367
 0.256101
 0.256076
 0.255872
 0.255324
 0.255347
 0.255347
 0.258572
 0.256999
 0.258844
 0.259621
 0.257365
 0.257365
 0.257365
 0.257249
 0.259103
 0.259124
 0.259124
 0.259203
 0.257425
 0.253956
 0.253599
 0.253465
 0.253436
 0.249070
 0.248750
 0.248286
 0.249612
 0.249612
 0.249612
 0.249660
 0.247158
 0.245813
 0.243937
 0.243825
 0.243193
 0.243234
 0.243006
 0.242637
 0.242286
 0.242343
 0.241861
 0.241861
 0.242055
 0.242278
 0.242003
 0.241995
 0.242365
 0.242578
 0.242584
 0.242588
 0.242566
 0.242566
 0.242566
 0.242591
 0.242551
 0.242845
 0.242881
 0.242883
 0.242518
 0.242578
 0.242692
 0.242692
 0.242965
 0.242965
 0.243099
 0.244052
 0.244077
 0.244077
 0.244062
 0.240745
 0.240724
 0.240724
 0.243920
 0.244782
 0.244790
 0.242155
 0.242155
 0.242188
 0.242057
 0.241138
 0.241121
 0.241120
 0.241120
 0.241120
 0.242240
 0.241994
 0.241924
 0.241889
 0.241895
 0.242768
 0.244173
 0.243380
 0.243833
 0.243833
 0.243926
 0.244096
 0.244067
 0.244950
 0.245809
 0.245659
 0.246071
 0.246071
 0.246113
 0.246113
 0.245498
 0.245724
 0.245724
 0.245574
 0.245968
 0.245377
 0.242098
 0.243292
 0.243263
 0.243266
 0.243108
 0.243556
 0.243362
 0.242803
 0.242726
 0.242714
 0.243221
 0.242208
 0.242640
 0.242469
 0.242112
 0.241994
 0.242069
 0.241744
 0.241740
 0.241683
 0.242572
 0.242504
 0.242751
 0.242780
 0.243124
 0.244782
 0.244767
 0.243086
 0.243095
 0.243501
 0.243493
 0.243493
 0.243632
 0.243544
 0.243544
 0.243561
 0.243754
 0.243754
 0.243646
 0.243666
 0.243660
 0.243593
 0.239375
 0.239192
 0.239192
 0.239192
 0.239192
 0.239192
 0.237907
 0.237732
 0.238675
 0.238675
 0.238677
 0.238824
 0.238801
 0.238774
 0.239008
 0.238924
 0.238863
 0.244103
 0.244103
 0.243438
 0.243586
 0.243586
 0.243386
 0.243327
 0.243284
 0.243419
 0.243419
 0.243320
 0.243320
 0.243313
 0.243313
 0.243313
 0.243320
 0.243320
 0.243320
 0.243319
 0.243174
 0.243174
 0.243142
 0.243536
 0.243502
 0.243423
 0.243423
 0.243108
 0.243121
 0.243110
 0.243225
 0.243225
 0.243806
 0.243806
 0.243961
 0.244179
 0.244146
 0.244102
 0.244166
 0.244166
 0.244192
 0.244060
 0.244060
 0.244092
 0.244364
 0.244364
 0.244364
 0.243619
 0.243656
 0.243816
 0.243666
 0.243683
 0.243683
 0.243682
 0.243655
 0.243815
 0.243482
 0.242931
 0.242931
 0.242867
 0.242855
 0.242810
 0.242886
 0.242887
 0.243135
 0.243527
 0.243574
 0.243572
 0.243570
 0.244128
 0.244124
 0.244125
 0.244125
 0.244125
 0.244135
 0.244135
 0.244138
 0.244138
 0.244152
 0.244263
 0.244263
 0.243310
 0.243310
 0.243384
 0.243427
 0.243291
 0.243514
 0.243514
 0.243966
 0.243895
 0.243853
 0.243853
 0.244083
 0.243987
 0.244083
 0.244347
 0.244347
 0.244349
 0.244352
 0.244352
 0.243925
 0.243868
 0.243868
 0.244628
 0.244618
 0.244618
 0.244596
 0.244525
 0.244670
 0.241481
 0.241481
 0.241481
 0.241481
 0.241526
 0.242294
 0.242294
 0.242706
 0.242765
 0.242766
 0.242741
 0.242760
 0.242734
 0.242742
 0.242758
 0.242821
 0.242725
 0.242725
 0.242725
 0.242725
 0.242797
 0.242699
 0.242699
 0.242905
 0.243137
 0.243163
 0.243163
 0.243276
 0.241423
 0.241423
 0.241699
 0.241722
 0.241727
 0.241715
 0.241703
 0.241717
 0.241726
 0.241138
 0.241140
 0.241140
 0.242454
 0.241312
 0.241371
 0.241371
 0.240132
 0.240132
 0.239495
 0.239463
 0.239463
 0.238399
 0.238462
 0.236852
 0.236601
 0.235431
 0.235503
 0.235497
 0.235896
 0.235896
 0.235344
 0.235372
 0.235416
 0.235451
 0.235451
 0.235414
 0.235601
 0.235784
 0.235788
 0.235788
 0.236532
 0.236535
 0.236538
 0.236531
 0.236610
 0.237250
 0.237554
 0.237554
 0.237622
 0.237589
 0.237691
 0.237701
 0.237898
 0.238688
 0.238687
 0.238687
 0.238735
 0.238655
 0.237155
 0.237598
 0.237618
 0.237675
 0.237675
 0.237737
 0.237737
 0.233681
 0.233313
 0.233373
 0.233373
 0.233276
 0.233232
 0.233281
 0.233247
 0.233247
 0.233247
 0.233247
 0.233134
 0.233526
 0.233526
 0.233714
 0.233711
 0.233659
 0.233836
 0.233836
 0.234131
 0.234679
 0.234895
 0.234956
 0.234955
 0.235307
 0.235304
 0.235304
 0.235425
 0.235264
 0.235588
 0.235588
 0.235588
 0.235582
 0.235579
 0.235579
 0.235601
 0.235701
 0.235697
 0.235691
 0.235691
 0.236246
 0.236246
 0.236246
 0.236246
 0.236340
 0.236261
 0.236632
 0.236470
 0.236652
 0.236652
 0.237491
 0.237491
 0.237570
 0.237474
 0.237577
 0.237543
 0.237543
 0.237543
 0.237510
 0.237477
 0.237763
 0.237766
 0.237793
 0.237919
 0.237935
 0.237807
 0.237825
 0.237833
 0.237862
 0.237862
 0.237862
 0.236707
 0.236822
 0.236822
 0.236822
 0.236822
 0.234163
 0.234163
 0.234096
 0.234012
 0.234082
 0.234082
 0.233088
 0.233088
 0.233088
 0.233160
 0.233160
 0.233160
 0.233239
 0.233294
 0.233209
 0.233213
 0.233251
 0.233264
 0.233266
 0.233266
 0.233305
 0.233305
 0.233361
 0.233359
 0.232609
 0.232760
 0.232760
 0.232769
 0.232769
 0.232769
 0.232750
 0.232600
 0.230515
 0.230493
 0.230429
 0.230473
 0.230467
 0.230467
 0.230754
 0.230754
 0.230779
 0.230780
 0.230799
 0.230799
 0.230802
 0.230802
 0.230802
 0.230802
 0.230802
 0.230801
 0.230796
 0.230796
 0.230796
 0.230823
 0.230836
 0.230852
 0.230868
 0.230952
 0.228776
 0.228776
 0.228775
 0.228741
 0.228741
 0.228928
 0.228928
 0.229508
 0.229511
 0.229529
 0.229529
 0.229529
 0.229287
 0.229287
 0.229665
 0.228960
 0.228918
 0.229444
 0.229444
 0.229444
 0.229458
 0.229525
 0.229570
 0.228559
 0.228767
 0.228767
 0.228767
 0.228767
 0.228889
 0.228889
 0.228889
 0.228889
 0.228851
 0.229028
 0.228977
 0.228977
 0.228977
 0.225945
 0.225889
 0.225559
 0.225524
 0.225477
 0.225467
 0.225570
 0.225582
 0.225501
 0.225489
 0.225677
 0.225745
 0.225769
 0.225871
 0.226486
 0.226582
 0.226554
 0.226558
 0.226557
 0.226398
 0.226403
 0.226177
 0.226177
 0.226177
 0.226177
 0.226177
 0.226126
 0.226126
 0.226126
 0.226128
 0.226128
 0.226228
 0.226212
 0.226212
 0.226166
 0.226163
 0.226219
 0.226219
 0.226217
 0.226217
 0.226142
 0.226142
 0.226155
 0.226180
 0.226238
 0.226238
 0.226238
 0.226254
 0.226254
 0.226270
 0.226334
 0.225990
 0.225231
 0.225231
 0.225231
 0.225231
 0.225028
 0.225028
 0.225080
 0.225230
 0.225272
 0.225298
 0.225298
 0.225298
 0.225296
 0.225312
 0.225312
 0.225396
 0.225396
 0.225396
 0.225405
 0.225405
 0.225541
 0.225475
 0.225575
 0.225562
 0.225562
 0.225562
 0.225562
 0.225621
 0.225621
 0.225621
 0.225648
 0.224625
 0.224633
 0.224682
 0.224682
 0.225461
 0.225461
 0.225484
 0.225484
 0.225782
 0.225496
 0.225530
 0.225621
 0.225649
 0.225779
 0.225769
 0.225752
 0.225768
 0.225806
 0.225806
 0.225946
 0.225952
 0.226221
 0.226268
 0.225816
 0.225862
 0.225862
 0.225862
 0.225864
 0.225932
 0.225955
 0.225992
 0.225992
 0.226037
 0.226014
 0.226014
 0.226016
 0.226138
 0.226138
 0.226138
 0.226099
 0.226073
 0.226113
 0.226283
 0.226284
 0.226362
 0.226565
 0.226565
 0.226657
 0.226640
 0.226647
 0.226723
 0.226710
 0.226608
 0.226608
 0.226608
 0.226608
 0.226675
 0.226675
 0.226580
 0.226580
 0.226580
 0.226580
 0.226580
 0.226511
 0.226546
 0.226546
 0.226470
 0.226465
 0.226535
 0.226535
 0.226535
 0.226535
 0.226535
 0.226345
 0.226345
 0.226332
 0.226332
 0.226332
 0.226336
 0.226014
 0.226016
 0.226015
 0.226011
 0.226004
 0.225996
 0.225996
 0.225984
 0.225984
 0.226029
 0.226029
 0.226043
 0.226043
 0.226018
 0.226017
 0.226017
 0.226017
 0.226017
 0.215899
 0.215896
 0.215896
 0.215896
 0.215981
 0.215981
 0.215981
 0.215981
 0.215928
 0.215950
 0.216142
 0.216282
 0.216282
 0.216282
 0.216282
 0.216282
 0.216277
 0.216350
 0.216403
 0.216130
 0.216126
 0.216126
 0.216332
 0.216458
 0.216458
 0.216457
 0.216457
 0.216516
 0.215785
 0.215593
 0.215593
 0.215592
 0.215591
 0.215620
 0.215620
 0.215627
 0.215627
 0.215632
 0.215629
 0.215653
 0.215751
 0.215575
 0.213972
 0.214393
 0.214391
 0.214404
 0.214404
 0.214395
 0.214435
 0.215492
 0.215566
 0.215566
 0.215566
 0.215566
 0.215943
 0.215943
 0.215943
 0.215960
 0.215960
 0.215960
 0.215859
 0.215917
 0.215917
 0.215910
 0.215910
 0.215920
 0.215882
 0.215890
 0.215890
 0.215890
 0.215884
 0.215892
 0.215885
 0.215904
 0.216044
 0.215975
 0.215978
 0.215978
 0.215978
 0.215978
 0.215958
 0.215958
 0.215958
 0.215958
 0.216028
 0.216026
 0.215957
 0.215957
 0.215958
 0.215916
 0.215912
 0.215912
 0.215913
 0.216141
 0.216135
 0.216135
 0.216135
 0.216135
 0.216135
 0.216143
 0.216143
 0.216168
 0.216168
 0.216159
 0.216159
 0.216143
 0.216174
 0.216161
 0.215971
 0.215971
 0.215973
 0.215973
 0.215973
 0.216007
 0.215816
 0.215816
 0.216922
 0.216922
 0.216922
 0.216922
 0.216923
 0.216937
 0.216899
 0.216902
 0.216872
 0.216872
 0.216763
 0.216755
 0.216756
 0.216757
 0.216760
 0.217058
 0.217058
 0.217047
 0.217047
 0.217062
 0.217062
 0.217068
 0.217068
 0.217068
 0.217068
 0.217065
 0.217303
 0.217019
 0.217109
 0.217102
 0.217102
 0.217116
 0.216981
 0.216907
 0.216906
 0.216909
 0.216908
 0.216909
 0.216909
 0.216909
 0.216909
 0.216925
 0.216928
 0.216940
 0.216982
 0.216982
 0.216982
 0.216982
 0.216982
 0.217056
 0.217044
 0.216993
 0.216996
 0.216986
 0.217014
 0.217023
 0.217023
 0.217023
 0.217023
 0.217024
 0.217023
 0.217023
 0.217023
 0.217023
 0.216995
 0.216994
 0.216994
 0.217022
 0.217022
 0.217046
 0.217046
 0.217101
 0.217120
 0.217120
 0.217116
 0.217116
 0.217538
 0.217538
 0.217538
 0.217944
 0.217944
 0.217944
 0.217944
 0.217944
 0.217944
 0.217972
 0.217986
 0.217986
 0.217991
 0.217925
 0.217965
 0.217965
 0.217968
 0.217871
 0.217871
 0.217871
 0.217875
 0.218093
 0.218193
 0.218235
 0.218233
 0.218280
 0.218280
 0.218280
 0.218338
 0.218338
 0.218329
 0.218296
 0.218297
 0.218297
 0.218303
 0.218303
 0.218267
 0.218275
 0.218275
 0.218190
 0.218192
 0.218507
 0.218508
 0.218508
 0.218466
 0.218669
 0.218701
 0.218719
 0.218725
 0.218725
 0.218600
 0.218671
 0.218680
 0.218680
 0.218766
 0.218771
 0.218771
 0.218776
 0.218782
 0.218805
 0.218805
 0.218805
 0.218763
 0.218763
 0.218732
 0.218731
 0.218709
 0.218710
 0.218710
 0.218710
 0.218710
 0.218710
 0.218710
 0.218759
 0.218759
 0.218759
 0.218759
 0.218760
 0.218770
 0.218770
 0.218744
 0.219200
 0.219210
 0.219210
 0.219210
 0.219210
 0.219252
 0.220074
 0.220074
 0.220074
 0.220074
 0.220074
 0.220074
 0.220076
 0.220027
 0.220027
 0.220044
 0.220044
 0.220044
 0.220044
 0.220044
 0.220215
 0.220215
 0.220215
 0.220215
 0.220191
 0.220191
 0.220192
 0.220139
 0.220139
 0.221689
 0.221551
 0.221445
 0.221445
 0.221445
 0.221005
 0.221008
 0.221021
 0.221024
 0.221297
 0.221297
 0.221297
 0.221292
 0.221292
 0.221292
 0.221292
 0.221292
 0.221287
 0.221287
 0.221287
 0.221287
 0.221293
 0.221293
 0.221286
 0.221279
 0.221279
 0.221279
 0.221270
 0.221246
 0.221422
 0.221422
 0.221420
 0.221420
 0.221420
 0.221429
 0.221615
 0.221592
 0.221670
 0.221591
 0.221591
 0.221591
 0.221591
 0.221591
 0.221591
 0.221591
 0.221591
 0.221591
 0.221593
 0.221593
 0.221593
 0.221576
 0.221576
 0.221343
 0.221004
 0.220988
 0.220988
 0.220988
 0.221021
 0.221051
 0.221051
 0.221051
 0.222084
 0.222084
 0.222084
 0.222059
 0.222059
 0.222053
 0.221956
 0.221956
 0.221956
 0.221956
 0.221958
 0.221949
 0.222199
 0.222207
 0.222207
 0.222208
 0.222225
 0.222311
 0.222353
 0.222353
 0.222353
 0.222353
 0.222353
 0.222353
 0.222353
 0.222674
 0.222674
 0.222674
 0.222662
 0.222667
 0.222609
 0.222609
 0.222137
 0.222137
 0.222106
 0.222106
 0.222106
 0.222108
 0.222108
 0.222108
 0.221840
 0.221840
 0.221840
 0.221840
 0.221840
 0.221840
 0.221840
 0.221840
 0.221840
 0.221842
 0.221842
 0.221842
 0.221842
 0.221842
 0.221842
 0.221842
 0.221847
 0.221847
 0.221847
 0.221402
 0.221402
 0.221402
 0.221434
 0.221434
 0.221058
 0.221058
 0.221101
 0.221256
 0.221286
 0.221394
 0.221417
 0.221417
 0.221418
 0.221420
 0.221431
 0.221431
 0.221385
 0.221285
 0.221285
 0.221285
 0.221291
 0.221138
 0.221138
 0.221138
 0.221138
 0.221098
 0.221098
 0.221098
 0.221098
 0.221098
 0.221098
 0.221096
 0.221099
 0.221104
 0.221094
 0.221094
 0.221094
 0.221094
 0.221094
 0.221094
 0.221094
 0.221094
 0.221111
 0.221075
 0.222671
 0.222621
 0.222620
 0.222620
 0.222620
 0.222616
 0.222616
 0.222616
 0.222617
 0.222587
 0.222582
 0.222582
 0.223022
 0.223009
 0.223019
 0.222731
 0.222731
 0.222726
 0.222726
 0.222727
 0.222727
 0.222727
 0.222609
 0.222609
 0.222605
 0.222737
 0.222711
 0.222731
 0.222846
 0.222846
 0.222952
 0.222952
 0.222952
 0.222952
 0.222947
 0.222947
 0.222825
 0.222825
 0.222885
 0.222885
 0.222881
 0.222849
 0.222844
 0.222844
 0.222844
 0.222845
 0.222841
 0.222841
 0.222841
 0.222850
 0.222850
 0.222850
 0.222858
 0.222858
 0.222858
 0.222857
 0.222857
 0.222848
 0.222865
 0.222868
 0.222857
 0.222857
 0.222855
 0.222857
 0.222859
 0.222856
 0.222829
 0.222931
 0.222931
 0.222931
 0.222931
 0.223019
 0.223019
 0.223067
 0.223067
 0.223070
 0.223070
 0.223066
 0.223078
 0.223004
 0.222892
 0.222884
 0.222884
 0.222884
 0.222880
 0.222880
 0.222880
 0.222878
 0.222878
 0.222884
 0.222888
 0.222888
 0.222890
 0.223205
 0.223249
 0.223249
 0.223266
 0.223267
 0.223253
 0.223253
 0.223254
 0.223167
 0.223176
 0.223181
 0.223180
 0.223227
 0.223227
 0.223319
 0.223319
 0.223330
 0.223330
 0.223324
 0.223324
 0.223324
 0.223352
 0.223348
 0.223494
 0.223494
 0.223494
 0.223449
 0.223507
 0.226474
 0.226474
 0.226474
 0.226474
 0.226474
 0.226474
 0.226474
 0.226474
 0.226473
 0.226513
 0.226513
 0.226556
 0.226560
 0.226517
 0.226517
 0.226517
 0.226517
 0.226517
 0.226521
 0.226521
 0.226517
 0.226461
 0.226465
 0.226462
 0.226462
 0.226463
 0.226463
 0.226463
 0.226470
 0.226415
 0.226619
 0.226774
 0.226774
 0.226774
 0.226787
 0.226773
 0.226773
 0.226773
 0.226775
 
 0.199296
 .199055
 571
 
 
 