shade_wo_archive, std
0.215109
 0.230364
 0.199911
 0.183763
 0.191298
 0.234215
 0.225560
 0.221276
 0.218272
 0.231306
 0.218558
 0.215528
 0.209330
 0.197965
 0.195290
 0.191884
 0.191796
 0.190741
 0.188650
 0.185745
 0.180653
 0.190971
 0.190869
 0.189864
 0.188754
 0.186344
 0.186344
 0.184920
 0.181063
 0.185111
 0.181804
 0.182077
 0.181664
 0.178139
 0.178139
 0.178139
 0.177675
 0.176674
 0.176674
 0.185218
 0.185218
 0.182711
 0.181367
 0.181845
 0.181307
 0.181307
 0.178748
 0.173253
 0.172736
 0.170509
 0.180107
 0.177595
 0.177595
 0.177595
 0.177595
 0.177595
 0.177595
 0.177595
 0.177595
 0.177595
 0.178137
 0.176819
 0.176819
 0.176819
 0.176819
 0.184691
 0.184691
 0.184691
 0.182200
 0.182200
 0.182200
 0.182200
 0.181717
 0.181717
 0.179037
 0.179337
 0.179337
 0.175688
 0.175688
 0.175688
 0.175688
 0.174921
 0.174011
 0.169745
 0.169104
 0.169104
 0.169104
 0.169104
 0.169104
 0.164846
 0.164212
 0.164100
 0.164058
 0.164058
 0.164058
 0.162264
 0.162264
 0.162264
 0.162264
 0.162264
 0.162264
 0.160636
 0.160636
 0.160165
 0.155296
 0.155061
 0.155061
 0.155061
 0.155061
 0.155061
 0.155061
 0.153251
 0.153251
 0.153251
 0.153707
 0.153707
 0.153707
 0.152245
 0.152245
 0.152245
 0.152245
 0.152245
 0.152245
 0.152245
 0.152245
 0.144655
 0.144655
 0.144655
 0.144655
 0.144655
 0.144407
 0.142729
 0.142729
 0.142729
 0.142729
 0.142729
 0.142239
 0.142239
 0.142239
 0.142239
 0.142239
 0.142239
 0.140857
 0.140857
 0.140857
 0.139260
 0.139260
 0.139260
 0.139260
 0.139260
 0.139260
 0.139260
 0.139120
 0.137379
 0.136869
 0.136869
 0.136726
 0.136578
 0.136578
 0.136144
 0.136144
 0.136144
 0.135417
 0.135417
 0.135417
 0.135417
 0.135417
 0.135417
 0.135417
 0.135417
 0.135417
 0.135417
 0.135417
 0.135417
 0.135212
 0.133123
 0.133123
 0.137272
 0.137272
 0.137272
 0.137272
 0.137272
 0.137272
 0.137272
 0.137272
 0.137272
 0.136278
 0.136278
 0.137205
 0.137695
 0.137695
 0.137695
 0.137695
 0.137695
 0.137695
 0.137695
 0.137695
 0.137695
 0.137695
 0.133767
 0.133767
 0.133767
 0.133767
 0.133767
 0.133767
 0.133767
 0.132240
 0.132240
 0.132897
 0.132897
 0.132424
 0.132424
 0.132424
 0.132424
 0.132424
 0.132424
 0.132424
 0.132424
 0.132424
 0.132424
 0.132424
 0.132947
 0.132947
 0.132947
 0.132947
 0.132972
 0.132972
 0.129579
 0.129579
 0.129516
 0.129516
 0.129516
 0.129516
 0.129516
 0.129516
 0.129516
 0.129516
 0.130662
 0.130662
 0.130662
 0.130662
 0.130662
 0.126247
 0.126247
 0.126189
 0.126189
 0.126189
 0.126189
 0.126189
 0.126189
 0.126189
 0.126189
 0.126189
 0.126189
 0.126189
 0.126189
 0.123101
 0.123101
 0.123101
 0.123101
 0.123101
 0.120994
 0.121855
 0.121708
 0.121708
 0.121708
 0.121708
 0.121708
 0.121708
 0.121708
 0.121708
 0.121708
 0.121708
 0.121708
 0.121708
 0.121708
 0.121708
 0.121708
 0.121708
 0.121708
 0.121708
 0.121708
 0.121708
 0.121708
 0.121708
 0.122087
 0.122087
 0.124608
 0.124608
 0.124608
 0.124608
 0.124608
 0.124608
 0.124608
 0.124608
 0.124608
 0.124608
 0.124608
 0.124608
 0.124608
 0.124608
 0.124608
 0.124608
 0.124608
 0.124608
 0.124608
 0.124608
 0.124608
 0.124608
 0.124608
 0.124608
 0.124608
 0.124608
 0.124608
 0.124608
 0.124608
 0.124608
 0.124608
 0.124608
 0.124608
 0.124608
 0.124608
 0.124608
 0.124608
 0.124608
 0.124608
 0.124608
 0.124608
 0.124608
 0.124200
 0.124200
 0.124200
 0.122840
 0.122840
 0.122840
 0.122840
 0.122840
 0.122840
 0.122840
 0.122840
 0.122840
 0.122840
 0.122840
 0.122840
 0.122840
 0.122840
 0.121649
 0.123661
 0.123661
 0.123060
 0.123060
 0.123060
 0.123060
 0.123060
 0.123060
 0.123060
 0.123060
 0.123060
 0.123060
 0.123060
 0.123060
 0.123060
 0.122059
 0.122059
 0.122059
 0.122059
 0.122059
 0.122059
 0.121754
 0.124866
 0.124866
 0.124866
 0.124866
 0.124866
 0.124866
 0.124866
 0.124866
 0.124866
 0.124866
 0.124866
 0.124866
 0.124866
 0.124866
 0.123866
 0.123866
 0.123866
 0.123866
 0.123866
 0.123866
 0.123866
 0.123866
 0.123866
 0.123866
 0.123866
 0.123866
 0.123866
 0.132544
 0.132544
 0.132544
 0.132544
 0.132544
 0.132544
 0.132544
 0.132544
 0.132544
 0.132544
 0.132544
 0.132544
 0.132544
 0.133903
 0.133903
 0.133903
 0.133903
 0.133903
 0.133903
 0.133903
 0.133903
 0.137993
 0.135769
 0.135769
 0.135769
 0.135769
 0.134243
 0.134243
 0.134243
 0.137298
 0.137298
 0.137298
 0.137146
 0.137146
 0.134547
 0.134547
 0.134547
 0.134547
 0.134547
 0.134547
 0.134547
 0.134547
 0.136096
 0.136096
 0.138002
 0.138002
 0.138002
 0.138070
 0.138070
 0.138070
 0.138070
 0.137883
 0.137883
 0.137883
 0.137883
 0.137883
 0.137883
 0.137883
 0.137883
 0.137883
 0.137883
 0.137883
 0.137883
 0.137883
 0.137883
 0.137883
 0.137883
 0.137637
 0.137637
 0.137077
 0.137077
 0.137077
 0.137077
 0.137077
 0.137077
 0.137077
 0.137077
 0.137077
 0.137077
 0.135422
 0.135422
 0.135422
 0.135422
 0.135422
 0.135422
 0.141454
 0.141454
 0.141454
 0.141454
 0.141454
 0.141454
 0.141454
 0.141454
 0.141454
 0.141454
 0.141454
 0.141454
 0.141454
 0.141454
 0.141454
 0.141454
 0.141454
 0.141454
 0.141454
 0.141454
 0.141377
 0.141377
 0.141377
 0.141377
 0.141377
 0.141377
 0.141377
 0.141377
 0.141377
 0.141377
 0.141377
 0.141377
 0.141377
 0.139712
 0.139712
 0.139712
 0.139712
 0.139712
 0.139712
 0.139712
 0.139712
 0.139712
 0.139712
 0.139712
 0.139000
 0.139000
 0.139000
 0.139000
 0.139000
 0.139000
 0.139000
 0.139000
 0.139000
 0.139000
 0.139000
 0.139000
 0.139000
 0.139000
 0.139000
 0.139000
 0.139000
 0.139000
 0.139000
 0.139000
 0.139000
 0.139000
 0.139000
 0.139000
 0.139000
 0.139000
 0.139000
 0.139000
 0.139000
 0.139000
 0.139000
 0.139000
 0.139000
 0.139000
 0.139000
 0.139000
 0.139000
 0.139000
 0.139000
 0.139000
 0.139000
 0.139000
 0.139000
 0.139000
 0.139000
 0.139000
 0.139000
 0.139000
 0.139000
 0.139870
 0.139870
 0.139870
 0.139870
 0.139870
 0.139870
 0.139870
 0.139870
 0.139870
 0.139870
 0.139870
 0.139870
 0.139870
 0.139870
 0.139870
 0.142750
 0.142750
 0.142750
 0.142750
 0.142750
 0.142750
 0.142750
 0.142750
 0.142750
 0.156458
 0.156458
 0.156458
 0.156458
 0.156458
 0.156458
 0.156458
 0.156458
 0.156458
 0.154736
 0.154736
 0.154736
 0.154736
 0.154736
 0.154736
 0.154736
 0.154736
 0.154736
 0.154736
 0.154736
 0.154736
 0.154736
 0.154736
 0.154736
 0.154736
 0.154736
 0.154736
 0.154736
 0.154736
 0.154736
 0.154736
 0.154736
 0.154736
 0.154736
 0.154736
 0.154736
 0.154736
 0.154736
 0.154736
 0.154736
 0.154736
 0.154736
 0.154736
 0.154808
 0.154808
 0.154808
 0.154808
 0.154808
 0.154808
 0.154808
 0.154808
 0.154808
 0.154808
 0.154808
 0.154808
 0.154808
 0.154808
 0.154808
 0.154808
 0.154808
 0.154808
 0.154808
 0.154808
 0.154808
 0.154808
 0.154808
 0.154808
 0.154808
 0.154808
 0.153434
 0.153434
 0.153434
 0.153434
 0.153434
 0.153434
 0.153434
 0.152080
 0.152080
 0.152080
 0.152080
 0.152080
 0.152080
 0.152080
 0.152080
 0.152080
 0.152080
 0.152080
 0.152078
 0.152078
 0.153381
 0.153381
 0.153381
 0.153381
 0.153381
 0.153381
 0.153381
 0.152006
 0.152006
 0.152006
 0.152006
 0.152006
 0.151951
 0.151951
 0.151951
 0.151951
 0.151951
 0.151951
 0.151951
 0.151951
 0.151951
 0.149417
 0.149417
 0.149417
 0.149417
 0.149417
 0.149417
 0.149417
 0.149417
 0.149417
 0.149417
 0.149417
 0.149417
 0.149417
 0.149417
 0.149417
 0.149417
 0.149417
 0.149417
 0.149417
 0.149417
 0.149417
 0.149417
 0.149417
 0.149417
 0.149417
 0.149417
 0.149417
 0.149417
 0.149417
 0.149417
 0.149417
 0.149417
 0.149417
 0.149417
 0.149417
 0.149417
 0.149417
 0.149417
 0.149417
 0.149417
 0.149417
 0.149417
 0.149417
 0.149417
 0.149417
 0.149417
 0.149417
 0.149417
 0.149417
 0.149417
 0.149417
 0.149417
 0.149417
 0.149417
 0.149417
 0.148528
 0.148528
 0.148528
 0.148528
 0.148528
 0.148528
 0.148528
 0.148528
 0.148528
 0.148528
 0.148528
 0.148528
 0.148528
 0.148528
 0.148528
 0.146723
 0.146723
 0.146723
 0.146723
 0.146723
 0.146723
 0.146723
 0.146723
 0.146723
 0.146723
 0.146723
 0.146723
 0.146723
 0.146723
 0.146723
 0.146912
 0.146912
 0.147020
 0.147020
 0.147020
 0.147020
 0.148772
 0.148772
 0.148772
 0.148772
 0.148772
 0.148772
 0.147815
 0.147815
 0.147815
 0.147815
 0.147815
 0.147815
 0.147577
 0.147577
 0.147577
 0.147577
 0.147577
 0.147577
 0.147577
 0.147577
 0.147577
 0.147577
 0.147577
 0.147577
 0.147577
 0.147577
 0.147577
 0.147577
 0.147577
 0.147577
 0.147577
 0.145962
 0.145510
 0.145510
 0.145510
 0.145510
 0.145510
 0.145510
 0.145510
 0.145510
 0.145510
 0.145510
 0.145510
 0.145510
 0.145510
 0.145510
 0.145510
 0.145510
 0.145510
 0.145510
 0.145510
 0.145510
 0.145510
 0.145510
 0.145510
 0.145510
 0.145510
 0.146689
 0.146689
 0.146689
 0.146689
 0.146689
 0.146603
 0.146603
 0.146603
 0.146603
 0.146603
 0.146603
 0.146603
 0.146603
 0.146603
 0.146603
 0.146603
 0.146603
 0.146603
 0.146603
 0.146603
 0.146603
 0.146603
 0.146603
 0.146603
 0.146603
 0.146603
 0.146603
 0.146603
 0.146603
 0.146603
 0.146603
 0.146603
 0.146603
 0.146603
 0.146603
 0.146603
 0.146603
 0.146603
 0.146603
 0.146603
 0.146603
 0.146603
 0.146603
 0.146603
 0.146603
 0.146603
 0.146603
 0.146603
 0.146603
 0.146603
 0.146603
 0.146603
 0.146603
 0.146603
 0.146603
 0.146603
 0.146603
 0.146603
 0.146603
 0.146603
 0.146603
 0.146603
 0.146603
 0.146603
 0.146603
 0.146603
 0.146603
 0.146603
 0.146603
 0.146603
 0.146603
 0.146603
 0.146603
 0.146603
 0.146603
 0.146603
 0.146603
 0.146603
 0.146603
 0.146603
 0.146603
 0.146603
 0.146603
 0.146603
 0.146603
 0.146603
 0.146603
 0.146603
 0.147131
 0.147131
 0.147131
 0.146886
 0.146886
 0.146886
 0.146886
 0.146886
 0.146886
 0.146886
 0.146886
 0.146886
 0.146886
 0.146886
 0.146886
 0.146886
 0.146886
 0.146886
 0.146886
 0.146886
 0.146886
 0.146886
 0.146886
 0.146886
 0.146886
 0.146886
 0.146886
 0.146886
 0.146886
 0.146886
 0.146886
 0.146886
 0.146886
 0.146886
 0.146886
 0.146886
 0.146886
 0.146886
 0.146886
 0.146886
 0.146886
 0.146886
 0.146886
 0.146886
 0.146886
 0.146886
 0.146886
 0.146886
 0.146886
 0.146886
 0.146886
 0.146886
 0.146886
 0.146886
 0.146886
 0.146886
 0.146886
 0.146886
 0.146886
 0.146886
 0.146886
 0.146886
 0.146886
 0.146886
 0.146886
 0.146886
 0.146886
 0.146886
 0.146886
 0.146886
 0.146886
 0.146886
 0.142502
 0.142502
 0.142502
 0.142502
 0.142502
 0.142502
 0.142502
 0.142502
 0.142502
 0.142502
 0.142502
 0.142502
 0.142502
 0.142502
 0.142502
 0.142502
 0.142502
 0.142502
 0.142502
 0.142502
 0.140888
 0.140888
 0.140888
 0.140888
 0.140888
 0.140888
 0.140888
 0.139553
 0.139553
 0.139553
 0.139553
 0.139553
 0.139553
 0.139553
 0.139553
 0.139553
 0.139553
 0.139553
 0.139553
 0.139553
 0.139553
 0.139553
 0.139553
 0.139553
 0.139553
 0.139553
 0.139553
 0.139553
 0.139553
 0.139553
 0.139553
 0.139553
 0.138549
 0.138549
 0.138549
 0.138468
 0.138468
 0.138468
 0.138468
 0.138468
 0.138468
 0.138468
 0.138468
 0.138468
 0.138468
 0.138468
 0.138468
 0.138468
 0.138468
 0.138468
 0.138468
 0.138468
 0.138468
 0.138468
 0.138468
 0.138468
 0.138468
 0.138468
 0.138468
 0.138468
 0.138468
 0.138468
 0.138468
 0.138468
 0.138468
 0.138468
 0.138468
 0.138468
 0.138468
 0.138468
 0.138468
 0.138468
 0.138468
 0.138468
 0.138468
 0.138468
 0.138468
 0.138468
 0.138468
 0.138468
 0.138468
 0.138468
 0.138468
 0.138468
 0.138468
 0.138468
 0.138468
 0.138468
 0.138468
 0.138468
 0.138468
 0.138468
 0.138468
 0.137633
 0.137633
 0.137633
 0.137633
 0.137633
 0.137633
 0.137633
 0.137633
 0.137633
 0.137633
 0.137633
 0.137633
 0.137633
 0.137633
 0.137633
 0.137633
 0.137633
 0.137633
 0.137633
 0.137633
 0.137633
 0.137633
 0.137633
 0.137633
 0.137633
 0.137633
 0.137633
 0.137633
 0.137633
 0.137633
 0.137633
 0.137633
 0.137633
 0.137633
 0.137633
 0.137633
 0.137633
 0.137633
 0.137633
 0.137633
 0.137633
 0.137633
 0.137633
 0.135300
 0.135300
 0.135300
 0.135300
 0.135300
 0.135300
 0.135300
 0.135300
 0.135300
 0.135300
 0.135300
 0.135300
 0.135300
 0.135300
 0.135300
 0.135300
 0.135300
 0.135300
 0.135300
 0.135300
 0.135300
 0.135300
 0.135300
 0.134946
 0.134946
 0.135388
 0.135388
 0.135388
 0.135388
 0.135388
 0.135388
 0.135388
 0.135388
 0.135388
 0.135388
 0.135388
 0.135388
 0.135388
 0.135388
 0.135388
 0.135388
 0.135388
 0.135388
 0.135388
 0.135388
 0.135388
 0.135388
 0.135388
 0.135388
 0.135388
 0.135388
 0.135388
 0.132439
 0.132439
 0.132439
 0.132439
 0.132439
 0.131754
 0.131754
 0.131754
 0.131754
 0.131754
 0.129809
 0.129809
 0.129809
 0.129809
 0.129809
 0.129809
 0.129809
 0.129809
 0.129809
 0.129809
 0.129809
 0.129809
 0.129473
 0.129473
 0.129473
 0.129473
 0.128234
 0.128234
 0.128234
 0.128234
 0.128234
 0.128234
 0.128234
 0.128234
 0.128234
 0.128234
 0.128234
 0.128234
 0.128234
 0.128234
 0.128234
 0.128234
 0.128234
 0.128234
 0.128234
 0.128234
 0.128234
 0.128234
 0.128234
 0.128234
 0.128234
 0.128234
 0.128234
 0.128234
 0.128234
 0.128234
 0.128234
 0.128234
 0.128234
 0.128234
 0.128234
 0.128234
 0.128234
 0.128234
 0.128234
 0.128234
 0.128234
 0.128234
 0.128250
 0.128250
 0.128250
 0.128250
 0.128250
 0.128250
 0.128250
 0.128250
 0.128250
 0.128250
 0.128250
 0.128250
 0.128250
 0.128250
 0.128250
 0.128250
 0.126253
 0.126253
 0.126253
 0.126253
 0.126253
 0.126253
 0.126253
 0.126253
 0.125837
 0.125837
 0.125837
 0.125837
 0.125837
 0.125837
 0.125837
 0.125837
 0.125837
 0.125837
 0.125837
 0.125837
 0.125837
 0.125837
 0.125837
 0.125837
 0.125837
 0.125837
 0.125837
 0.125837
 0.125837
 0.125837
 0.125837
 0.125837
 0.125837
 0.125837
 0.125837
 0.125837
 0.125837
 0.125837
 0.125837
 0.125837
 0.125837
 0.125837
 0.125837
 0.125837
 0.125837
 0.125837
 0.125837
 0.125837
 0.125837
 0.125837
 0.125837
 0.125837
 0.125837
 0.125837
 0.125837
 0.125837
 0.125837
 0.125837
 0.125837
 0.125837
 0.125837
 0.125837
 0.125837
 0.125837
 0.125837
 0.125837
 0.125837
 0.125837
 0.125837
 0.125837
 0.125837
 0.125837
 0.125738
 0.125738
 0.125738
 0.125738
 0.125738
 0.125738
 0.125738
 0.125738
 0.125738
 0.125738
 0.125738
 0.125738
 0.125727
 0.125727
 0.125727
 0.125727
 0.125727
 0.125727
 0.125727
 0.125727
 0.125727
 0.125727
 0.125727
 0.125727
 0.125727
 0.125727
 0.125727
 0.125727
 0.125727
 0.125727
 0.125727
 0.125727
 0.125727
 0.125727
 0.125727
 0.125727
 0.125727
 0.125727
 0.125727
 0.125727
 0.125727
 0.125727
 0.125727
 0.125727
 0.125727
 0.125727
 0.125727
 0.125727
 0.125727
 0.125727
 0.125727
 0.125727
 0.125727
 0.125727
 0.125727
 0.125727
 0.125727
 0.125727
 0.125727
 0.125727
 0.125727
 0.125727
 0.125727
 0.125727
 0.125727
 0.125727
 0.125727
 0.125727
 0.125727
 0.125727
 0.125727
 0.125727
 0.125727
 0.125727
 0.125727
 0.125727
 0.125727
 0.125727
 0.125727
 0.125727
 0.125727
 0.125727
 0.125727
 0.125727
 0.125727
 0.125727
 0.125727
 0.125727
 0.125727
 0.125727
 0.125727
 0.125727
 0.125727
 0.125727
 0.125727
 0.125727
 0.125727
 0.125727
 0.125727
 0.125727
 0.125727
 0.125727
 0.125727
 0.125727
 0.125727
 0.125727
 0.125727
 0.125727
 0.125727
 0.125727
 0.125727
 0.125727
 0.125727
 0.125727
 0.125727
 0.125727
 0.125727
 0.125727
 0.125727
 0.125727
 0.125727
 0.125727
 0.126180
 0.126180
 0.126180
 0.126180
 0.126180
 0.126180
 0.126180
 0.126180
 0.126180
 0.126180
 0.126180
 0.126180
 0.126180
 0.126180
 0.126180
 0.126180
 0.126180
 0.126180
 0.126180
 0.126180
 0.126180
 0.126180
 0.126180
 0.126180
 0.121715
 0.121715
 0.121715
 0.121715
 0.121715
 0.121012
 0.121012
 0.121012
 0.121012
 0.121012
 0.121012
 0.121012
 0.121012
 0.121012
 0.121012
 0.121012
 0.121012
 0.121012
 0.121012
 0.121012
 0.120918
 0.120918
 0.120918
 0.120918
 0.120918
 0.120918
 0.118274
 0.118274
 0.118274
 0.118274
 0.118274
 0.118274
 0.118274
 0.118274
 0.118274
 0.118274
 0.118274
 0.118274
 0.118274
 0.118274
 0.118274
 0.118274
 0.118274
 0.118274
 0.118274
 0.118274
 0.118274
 0.118274
 0.118169
 0.118169
 0.118169
 0.118169
 0.118169
 0.118169
 0.118169
 0.118169
 0.118169
 0.118169
 0.118169
 0.117479
 0.117479
 0.117479
 0.117479
 0.117479
 0.117479
 0.117479
 0.117479
 0.117479
 0.117479
 0.117479
 0.117479
 0.117479
 0.117479
 0.117479
 0.117479
 0.117479
 0.117479
 0.117479
 0.117479
 0.117479
 0.117479
 0.117479
 0.117479
 0.117479
 0.117479
 0.117479
 0.117479
 0.117479
 0.117479
 0.117479
 0.117479
 0.117479
 0.117479
 0.117479
 0.117479
 0.117479
 0.117479
 0.117479
 0.117479
 0.117479
 0.117479
 0.117479
 0.117479
 0.117479
 0.117479
 0.117479
 0.117479
 0.117479
 0.117479
 0.117479
 0.117479
 0.117479
 0.117479
 0.117479
 0.117479
 0.117479
 0.117479
 0.117097
 0.117097
 0.117097
 0.117097
 0.117097
 0.117097
 0.117097
 0.117097
 0.117097
 0.117097
 0.117097
 0.117097
 0.117097
 0.117097
 0.117097
 0.117097
 0.117097
 0.117097
 0.117097
 0.117097
 0.117097
 0.117097
 0.117097
 0.117097
 0.117097
 0.117097
 0.117097
 0.117097
 0.117097
 0.117097
 0.117097
 0.117097
 0.117097
 0.117097
 0.117097
 0.117097
 0.117097
 0.116859
 0.116859
 0.116859
 0.116859
 0.116859
 0.116859
 0.116859
 0.116859
 0.116859
 0.116859
 0.116859
 0.116859
 0.116859
 0.116859
 0.116859
 0.116859
 0.116859
 0.116859
 0.116859
 0.116859
 0.116859
 0.116859
 0.116859
 0.116859
 0.116859
 0.116859
 0.116859
 0.116859
 0.116859
 0.115919
 0.115919
 0.115919
 0.115919
 0.115919
 0.115919
 0.115919
 0.115919
 0.115919
 0.115919
 0.115919
 0.115919
 0.115919
 0.115919
 0.115919
 0.115919
 0.115919
 0.115919
 0.115919
 0.115919
 0.115919
 0.115919
 0.115919
 0.115919
 0.115919
 0.115919
 0.115919
 0.115919
 0.115919
 0.115919
 0.115919
 0.115919
 0.115919
 0.115919
 0.115919
 0.115919
 0.115919
 0.115919
 0.115919
 0.115919
 0.115919
 0.115919
 0.115919
 0.115919
 0.115919
 0.115919
 0.115919
 0.115919
 0.115919
 0.115919
 0.115919
 0.115919
 0.115919
 0.115919
 0.115919
 0.115919
 0.115572
 0.115572
 0.115572
 0.115572
 0.115572
 0.115572
 0.115572
 0.115572
 0.115572
 0.115572
 0.115572
 0.115572
 0.115572
 0.115572
 0.115572
 0.115572
 0.115572
 0.115572
 0.115572
 0.115572
 0.115572
 0.115572
 0.115572
 0.115572
 0.115572
 0.115572
 0.115572
 0.115572
 0.115572
 0.115572
 0.115572
 0.115572
 0.115572
 0.115572
 0.115572
 0.115572
 0.115572
 0.115572
 0.115572
 0.115572
 0.115572
 0.115572
 0.115572
 0.115572
 0.115572
 0.115572
 0.115572
 0.115572
 0.115572
 0.115572
 0.115572
 0.115572
 0.115572
 0.115572
 0.115572
 0.115572
 0.115572
 0.115572
 0.115572
 0.115572
 0.115572
 0.115572
 0.115572
 0.115572
 0.115572
 0.115572
 0.115572
 0.115572
 0.115572
 0.115572
 0.115572
 0.115572
 0.115572
 0.115572
 0.114868
 0.114868
 0.114868
 0.114868
 0.114868
 0.114868
 0.114868
 0.114868
 0.114868
 0.114868
 0.114868
 0.114868
 0.114868
 0.114868
 0.114868
 0.114868
 0.114868
 0.114868
 0.114868
 0.114868
 0.114868
 0.114868
 0.114868
 0.114868
 0.114868
 0.114868
 0.114868
 0.114868
 0.114868
 0.114868
 0.114868
 0.114868
 0.114868
 0.114868
 0.114868
 0.114605
 0.114605
 0.114605
 0.114605
 0.114605
 0.114605
 0.114605
 0.114605
 0.114605
 0.114605
 0.114605
 0.114605
 0.114605
 0.114605
 0.114605
 0.114605
 0.114605
 0.114605
 0.114605
 0.114605
 0.114605
 0.114605
 0.114605
 0.114605
 0.114605
 0.114605
 0.114605
 0.114605
 0.114605
 0.114605
 0.114605
 0.114605
 0.114605
 0.114605
 0.114605
 0.114605
 0.114605
 0.114605
 0.114605
 0.114605
 0.114605
 0.114605
 0.114605
 0.114605
 0.114605
 0.114605
 0.114605
 0.114605
 0.114605
 0.114605
 0.114415
 0.114415
 0.114415
 0.114415
 0.114415
 0.114415
 0.114415
 0.114415
 0.114415
 0.114415
 0.114415
 0.114415
 0.114415
 0.114415
 0.114415
 0.114415
 0.114415
 0.114415
 0.114415
 0.114415
 0.107891
 0.107891
 0.107891
 0.107891
 0.107891
 0.107891
 0.107891
 0.107891
 0.107891
 0.107891
 0.107891
 0.107891
 0.107891
 0.107891
 0.107891
 0.107891
 0.107891
 0.107891
 0.107891
 0.107891
 0.107891
 0.107891
 0.107891
 0.107891
 0.107891
 0.107891
 0.107891
 0.107891
 0.107891
 0.107891
 0.107891
 0.106131
 0.106131
 0.106131
 0.106131
 0.106131
 0.106131
 0.106131
 0.106131
 0.106131
 0.106131
 0.106131
 0.106131
 0.106131
 0.106131
 0.106131
 0.106131
 0.106131
 0.106131
 0.106131
 0.106131
 0.106131
 0.106131
 0.105182
 0.105182
 