shade_wo_archive, std
1049.139701
 438.127495
 279.280824
 161.240226
 146.130251
 137.989641
 116.066656
 88.779837
 77.232679
 67.474108
 52.858483
 43.315328
 37.990019
 32.674528
 31.277109
 26.887519
 25.989619
 25.273194
 24.622651
 22.004040
 22.014250
 21.680843
 21.580880
 18.547490
 19.023508
 18.762060
 17.986617
 16.104159
 15.927797
 15.903840
 15.290702
 15.151145
 15.202512
 15.369043
 14.881396
 14.654293
 15.209707
 14.729906
 14.653019
 14.558280
 14.643925
 14.168924
 13.292142
 13.460095
 13.527839
 13.062769
 15.017719
 14.295177
 13.864023
 13.821753
 13.947918
 13.354127
 13.101559
 12.993098
 12.993098
 12.828994
 13.504834
 13.523954
 13.576283
 13.403656
 13.257010
 13.058376
 12.460385
 12.437743
 12.592299
 12.579922
 12.467783
 13.018044
 13.018044
 12.400007
 12.842809
 13.273839
 13.273839
 13.273839
 14.226914
 14.179830
 14.132325
 14.168528
 14.285717
 14.156669
 14.003793
 13.902374
 13.902374
 13.861704
 13.840330
 13.936209
 13.936209
 14.059827
 14.059827
 14.158247
 14.206080
 14.192009
 14.192009
 14.192009
 13.845715
 13.651199
 13.986307
 13.880439
 13.830549
 13.830549
 13.811473
 13.680566
 13.680566
 13.680566
 13.648844
 13.648844
 13.661696
 13.672167
 13.522918
 13.313584
 13.313584
 12.961138
 13.119040
 13.120806
 13.120806
 13.043788
 13.043788
 12.633096
 12.633096
 12.701164
 13.073121
 13.073121
 13.073121
 13.073121
 13.022449
 13.006943
 12.743283
 12.591191
 12.591191
 12.591191
 12.463394
 12.502583
 12.502583
 13.034363
 13.034363
 13.142662
 13.067008
 12.722491
 12.893806
 12.934363
 12.886709
 12.956483
 12.956483
 12.898187
 12.898187
 12.290726
 12.290726
 11.696576
 11.644950
 11.462098
 11.341849
 11.412785
 11.444259
 11.444259
 11.464879
 11.429423
 11.429423
 11.186063
 11.054274
 11.054274
 10.893375
 10.893375
 10.868595
 10.935361
 10.971582
 10.842347
 10.850001
 10.860364
 11.204575
 11.286671
 11.286671
 11.286671
 11.315698
 11.223942
 11.369474
 11.369474
 11.414513
 12.133362
 12.094460
 12.097014
 12.225158
 12.225158
 12.225158
 12.287232
 12.273459
 12.273459
 12.273459
 11.698727
 11.472191
 11.427570
 11.419419
 11.597119
 11.593038
 11.593038
 11.588329
 11.614205
 11.377183
 11.452725
 11.401253
 11.444684
 11.485348
 11.470122
 11.325550
 11.592605
 11.595734
 11.676865
 11.526148
 11.737124
 11.810632
 11.795416
 11.956839
 11.665920
 11.717899
 11.836889
 11.841407
 11.841407
 11.642478
 11.705288
 11.761590
 11.770060
 11.745364
 11.791870
 11.605040
 11.523810
 11.455361
 11.535543
 11.422625
 11.440511
 11.478158
 11.392332
 11.452109
 11.360777
 11.377652
 11.377652
 11.261422
 11.633324
 11.719641
 11.718212
 11.691106
 11.765091
 11.802303
 11.798150
 11.806062
 11.820521
 11.912973
 12.014307
 12.041289
 11.856367
 11.838438
 11.753740
 11.749868
 11.749868
 11.696457
 11.649278
 11.630292
 11.660899
 11.939003
 11.919082
 12.009553
 12.009198
 12.119450
 12.115630
 12.103371
 12.130622
 12.114302
 12.115636
 12.137892
 12.138316
 12.032541
 12.159138
 12.093716
 12.035936
 12.038705
 12.043807
 11.853603
 11.813746
 11.813533
 11.813533
 11.821813
 11.813337
 11.714252
 11.566391
 11.722609
 11.770145
 11.764038
 11.741752
 11.744814
 11.671074
 11.595478
 11.542140
 11.760107
 11.760107
 11.770367
 11.818740
 11.685335
 11.665292
 11.675507
 11.774329
 11.746636
 11.748717
 11.783489
 11.852475
 11.837046
 11.833323
 11.822677
 11.827058
 11.827058
 11.394756
 11.354644
 11.364336
 11.374131
 11.339451
 11.438377
 11.434275
 11.265467
 11.213547
 10.990310
 10.990310
 11.029494
 11.033611
 10.986282
 10.980692
 10.974834
 11.026941
 11.101785
 11.061969
 11.060824
 11.067435
 11.052764
 11.052764
 11.034810
 11.035612
 11.045193
 10.987567
 11.031594
 11.004339
 11.022898
 11.088021
 11.195433
 11.190548
 11.188717
 11.204427
 11.215645
 11.215645
 11.350568
 11.495009
 11.500064
 11.499810
 11.551604
 11.560165
 11.664469
 11.644194
 11.655997
 11.677663
 11.587472
 11.578572
 11.565089
 11.506760
 11.529104
 11.548764
 11.548764
 11.600315
 11.628204
 11.615289
 11.632046
 11.632046
 11.642795
 11.669268
 11.668505
 11.655844
 11.672487
 11.658634
 11.681548
 11.683877
 11.688525
 11.648904
 11.672026
 11.669594
 11.686354
 11.649450
 11.714239
 11.540745
 11.526605
 11.526739
 11.532749
 11.550417
 11.566690
 11.566690
 11.548174
 11.548087
 11.576251
 11.541259
 11.541265
 11.488373
 11.528061
 11.500993
 11.510844
 11.433237
 11.414637
 11.418290
 11.412146
 11.408718
 11.464138
 11.472334
 11.475916
 11.485981
 11.485981
 11.477038
 11.477461
 11.410024
 11.411903
 11.416282
 11.465067
 11.503656
 11.503938
 11.563160
 11.572041
 11.575404
 11.589443
 11.519824
 11.503084
 11.497773
 11.469784
 11.505929
 11.495032
 11.495032
 11.493525
 11.478305
 11.479329
 11.159715
 11.163715
 11.180025
 11.176492
 11.154213
 11.165997
 11.165997
 11.215554
 11.286528
 11.284973
 11.285776
 11.314240
 11.314554
 11.297526
 11.309547
 11.309674
 11.361186
 11.370114
 11.372755
 11.359057
 11.365681
 11.365681
 11.369212
 11.387927
 11.389569
 11.392217
 11.391188
 11.386178
 11.369284
 11.341601
 11.347197
 11.332610
 11.332894
 11.320067
 11.339204
 11.342622
 11.333114
 11.330254
 11.343018
 11.345412
 11.327359
 11.339142
 11.332118
 11.344092
 11.346293
 11.302514
 11.301883
 11.290515
 11.293356
 11.298780
 11.296324
 11.301609
 11.311379
 11.168693
 11.174857
 11.184531
 11.140194
 11.146231
 11.151226
 11.152486
 11.149909
 11.154298
 11.167665
 11.170740
 11.163923
 11.166226
 11.141018
 11.151842
 11.156869
 11.156869
 11.168981
 11.160727
 11.168617
 11.214714
 11.215885
 11.238036
 11.239189
 11.239339
 11.162433
 11.094217
 11.087633
 11.090511
 11.055227
 11.033264
 11.037527
 11.058431
 11.067642
 11.081458
 11.061362
 11.061362
 11.065031
 11.076222
 11.062464
 11.065343
 11.066029
 11.065844
 11.102410
 11.102868
 11.110374
 11.116355
 11.116321
 11.106090
 11.106224
 11.107789
 11.091741
 11.089712
 11.088308
 11.093542
 11.053192
 11.054190
 11.065414
 11.060230
 11.060431
 11.070339
 11.044655
 11.045648
 11.053530
 11.054361
 11.053797
 11.043164
 11.041245
 11.041245
 11.048658
 11.048511
 11.042692
 11.010324
 10.998727
 11.012826
 11.003013
 11.002930
 11.009808
 11.030313
 11.028787
 11.025974
 10.950370
 10.944129
 10.940559
 10.944184
 10.945094
 10.952819
 10.956482
 10.957724
 10.955890
 10.965947
 10.966174
 10.966623
 10.969342
 10.965810
 11.005391
 11.033123
 11.034865
 11.032012
 11.028440
 11.026507
 11.027972
 10.929291
 10.949622
 10.949604
 10.966556
 10.966040
 10.924134
 10.925024
 10.949395
 10.938287
 10.943031
 10.950386
 10.884680
 10.885056
 10.886101
 10.898264
 10.889924
 10.890563
 10.880121
 10.855782
 10.869889
 10.876284
 10.853943
 10.855795
 10.856247
 10.853967
 10.861910
 10.862791
 10.858342
 10.857987
 10.844532
 10.843985
 10.794462
 10.797148
 10.793330
 10.783808
 10.790341
 10.790936
 10.801580
 10.796256
 10.796256
 10.800252
 10.800309
 10.794768
 10.752372
 10.753731
 10.753731
 10.753918
 10.755116
 10.768396
 10.789634
 10.790401
 10.794441
 10.796851
 10.803734
 10.798891
 10.796231
 10.766620
 10.761360
 10.772014
 10.772121
 10.743276
 10.740246
 10.741039
 10.739840
 10.739377
 10.739421
 10.740421
 10.753916
 10.754463
 10.756369
 10.757001
 10.762724
 10.762343
 10.763136
 10.764063
 10.726492
 10.726705
 10.726583
 10.727205
 10.725293
 10.725768
 10.724398
 10.722647
 10.707323
 10.707316
 10.707316
 10.708799
 10.708811
 10.710443
 10.710767
 10.710378
 10.684979
 10.684992
 10.686355
 10.687675
 10.686145
 10.682006
 10.681502
 10.671485
 10.672343
 10.604671
 10.604253
 10.607856
 10.611977
 10.610937
 10.605722
 10.606757
 10.606757
 10.614421
 10.616662
 10.617892
 10.617915
 10.624979
 10.630153
 10.608900
 10.604029
 10.607713
 10.602635
 10.602635
 10.611441
 10.592537
 10.592438
 10.612101
 10.620076
 10.621935
 10.622164
 10.622252
 10.605694
 10.601380
 10.601380
 10.605061
 10.605077
 10.609378
 10.611100
 10.622820
 10.624605
 10.621703
 10.623348
 10.623348
 10.627282
 10.605938
 10.612324
 10.613916
 10.617357
 10.617408
 10.624196
 10.624442
 10.608322
 10.608468
 10.589145
 10.588925
 10.588331
 10.588331
 10.585309
 10.583570
 10.573516
 10.571090
 10.570326
 10.438731
 10.439262
 10.441470
 10.472727
 10.471948
 10.472350
 10.472350
 10.473106
 10.477368
 10.479409
 10.483383
 10.485431
 10.485431
 10.462374
 10.459320
 10.459464
 10.459269
 10.468867
 10.472385
 10.476271
 10.476670
 10.393952
 10.394384
 10.343209
 10.343299
 10.343411
 10.344045
 10.345231
 10.340465
 10.347786
 10.348318
 10.362095
 10.361616
 10.361610
 10.358396
 10.359160
 10.358344
 10.359194
 10.361101
 10.361101
 10.342467
 10.338848
 10.340807
 10.340819
 10.343582
 10.349719
 10.352054
 10.355957
 10.356937
 10.333622
 10.332428
 10.374276
 10.377352
 10.377352
 10.292550
 10.292814
 10.292390
 10.292986
 10.296263
 10.296625
 10.305466
 10.305703
 10.306675
 10.306062
 10.306036
 10.305008
 10.305008
 10.305460
 10.305460
 10.305560
 10.305560
 10.306123
 10.306106
 10.304610
 10.305169
 10.298669
 10.298707
 10.283111
 10.285818
 10.285818
 10.285818
 10.287644
 10.283893
 10.290334
 10.293779
 10.294079
 10.294785
 10.294828
 10.304669
 10.305369
 10.296169
 10.296169
 10.296169
 10.272805
 10.272573
 10.272573
 10.272039
 10.271592
 10.271642
 10.271642
 10.271654
 10.263909
 10.263996
 10.254361
 10.255091
 10.256382
 10.271443
 10.271282
 10.271224
 10.271224
 10.271224
 10.271259
 10.267373
 10.261757
 10.262388
 10.263009
 10.263009
 10.264045
 10.264116
 10.260209
 10.258562
 10.255215
 10.255205
 10.255084
 10.255084
 10.255866
 10.257297
 10.256818
 10.264401
 10.264401
 10.265112
 10.265457
 10.265819
 10.265819
 10.257265
 10.256571
 10.265586
 10.267049
 10.260198
 10.246970
 10.208519
 10.206354
 10.206156
 10.205679
 10.211476
 10.189615
 10.189983
 10.190461
 10.187143
 10.189649
 10.189722
 10.178365
 10.178365
 10.178550
 10.157920
 10.174187
 10.180896
 10.180896
 10.182228
 10.180910
 10.180910
 10.180164
 10.178135
 10.178859
 10.175580
 10.175580
 10.181019
 10.180842
 10.181574
 10.181542
 10.173325
 10.173852
 10.173852
 10.169612
 10.169746
 10.169760
 10.171984
 10.169686
 10.170064
 10.173853
 10.152345
 10.152345
 10.154721
 10.153409
 10.153409
 10.154085
 10.154409
 10.155945
 10.155945
 10.156213
 10.155800
 10.160004
 10.160620
 10.156829
 10.157000
 10.158374
 10.159739
 10.169462
 10.171212
 10.166195
 10.175211
 10.178212
 10.180082
 10.184025
 10.183204
 10.183204
 10.184669
 10.186175
 10.189488
 10.198635
 10.198659
 10.195043
 10.195419
 10.196629
 10.194596
 10.198935
 10.198448
 10.198323
 10.198383
 10.198292
 10.207273
 10.217188
 10.217188
 10.217330
 10.216532
 10.218124
 10.217660
 10.216382
 10.215102
 10.204791
 10.204096
 10.204099
 10.204099
 10.203006
 10.194457
 10.202977
 10.204592
 10.206218
 10.209332
 10.209332
 10.196205
 10.196484
 10.196445
 10.196389
 10.196389
 10.196516
 10.181969
 10.181969
 10.182505
 10.181405
 10.184705
 10.187317
 10.187298
 10.192309
 10.192816
 10.192816
 10.183626
 10.183626
 10.183626
 10.178060
 10.179040
 10.179114
 10.179114
 10.178263
 10.178339
 10.171424
 10.170696
 10.170696
 10.166437
 10.171746
 10.171746
 10.172285
 10.172285
 10.172166
 10.173090
 10.174455
 10.177100
 10.177090
 10.179766
 10.179766
 10.178167
 10.179018
 10.178988
 10.175856
 10.177248
 10.177248
 10.177050
 10.177522
 10.180392
 10.181466
 10.181437
 10.181437
 10.181225
 10.180724
 10.180574
 10.180399
 10.180729
 10.170876
 10.170876
 10.171271
 10.177096
 10.177096
 10.177096
 10.176948
 10.176963
 10.182781
 10.182781
 10.182781
 10.183751
 10.183574
 10.184676
 10.186860
 10.184003
 10.183803
 10.183803
 10.183443
 10.182750
 10.182324
 10.184417
 10.184968
 10.181598
 10.180611
 10.180904
 10.181847
 10.184106
 10.186936
 10.186961
 10.186961
 10.185768
 10.180362
 10.180362
 10.180398
 10.180416
 10.180420
 10.180420
 10.179156
 10.178959
 10.178817
 10.178822
 10.178822
 10.178822
 10.177454
 10.177313
 10.177301
 10.180891
 10.178889
 10.178620
 10.178732
 10.178811
 10.178811
 10.178903
 10.178907
 10.178937
 10.180533
 10.180888
 10.096297
 10.096961
 10.096866
 10.096526
 10.096116
 10.096116
 10.096116
 10.096116
 10.096668
 10.101467
 10.098896
 10.100992
 10.101038
 10.101226
 10.101038
 10.101038
 10.100896
 10.101181
 10.101181
 10.103485
 10.104118
 10.104118
 10.103948
 10.103943
 10.103634
 10.103634
 10.103649
 10.103963
 10.104064
 10.104301
 10.104763
 10.104289
 10.102609
 10.092715
 10.092715
 10.092035
 10.091819
 10.091559
 10.092252
 10.092252
 10.092439
 10.092431
 10.092431
 10.096991
 10.096619
 10.095774
 10.097140
 10.101962
 10.101473
 10.103568
 10.111746
 10.111746
 10.112082
 10.112113
 10.112165
 10.112165
 10.110855
 10.113136
 10.113126
 10.113341
 10.113452
 10.114952
 10.114785
 10.115202
 10.115202
 10.116354
 10.115850
 10.115850
 10.115878
 10.115899
 10.116846
 10.116981
 10.116488
 10.116482
 10.116744
 10.116744
 10.116891
 10.117211
 10.117484
 10.117568
 10.118485
 10.118515
 10.118794
 10.119828
 10.119657
 10.121284
 10.124270
 10.124169
 10.117067
 10.117030
 10.116915
 10.117214
 10.118653
 10.118653
 10.117161
 10.093555
 10.085814
 10.085477
 10.084561
 10.084196
 10.084196
 10.084085
 10.084332
 10.085145
 10.085140
 10.081827
 10.081827
 10.081846
 10.081919
 10.081932
 10.081717
 10.081698
 10.078990
 10.080071
 10.080827
 10.078865
 10.079095
 10.076963
 10.075677
 10.074537
 10.075560
 10.075560
 10.076380
 10.076391
 10.076138
 10.076042
 10.076042
 10.076007
 10.075913
 10.077007
 10.075524
 10.075523
 10.075515
 10.075435
 10.075407
 10.074613
 10.074613
 10.074398
 10.075799
 10.078738
 10.080395
 10.080372
 10.080371
 10.077512
 10.079301
 10.079280
 10.078737
 10.087703
 10.087515
 10.088086
 10.091267
 10.091769
 10.092192
 10.092192
 10.091894
 10.091894
 10.091894
 10.091894
 10.092721
 10.092684
 10.092590
 10.092590
 10.092854
 10.093560
 10.093861
 10.093861
 10.097539
 10.097532
 10.097532
 10.100074
 10.100074
 10.100074
 10.096993
 10.097014
 10.097348
 10.098531
 10.099689
 10.099689
 10.099953
 10.100956
 10.101037
 10.101084
 10.101083
 10.101083
 10.102309
 10.101626
 10.101864
 10.102271
 10.102280
 10.102653
 10.102653
 10.102638
 10.102488
 10.101003
 10.102066
 10.101653
 10.101653
 10.104277
 10.104427
 10.105448
 10.106288
 10.106596
 10.107362
 10.108028
 10.108387
 10.108504
 10.108822
 10.108822
 10.109004
 10.108731
 10.108709
 10.109255
 10.109959
 10.110177
 10.110177
 10.110177
 10.110347
 10.110582
 10.110393
 10.110393
 10.110934
 10.110935
 10.110935
 10.110935
 10.110935
 10.110935
 10.110935
 10.111828
 10.111831
 10.111831
 10.101412
 10.101535
 10.101591
 10.101591
 10.103014
 10.103591
 10.103603
 10.103605
 10.103605
 10.104618
 10.103798
 10.103798
 10.103798
 10.103760
 10.103760
 10.103665
 10.104435
 10.104517
 10.103789
 10.103675
 10.103765
 10.105920
 10.105341
 10.105620
 10.104818
 10.105811
 10.106781
 10.106510
 10.107689
 10.107882
 10.108345
 10.108345
 10.108671
 10.108671
 10.108724
 10.108787
 10.109035
 10.109679
 10.108911
 10.109437
 10.109437
 10.109983
 10.110743
 10.110743
 10.110912
 10.110799
 10.110799
 10.110803
 10.110837
 10.110837
 10.111698
 10.111701
 10.095190
 10.095190
 10.095203
 10.091347
 10.091432
 10.092332
 10.092142
 10.092142
 10.092318
 10.092395
 10.092617
 10.093248
 10.094121
 10.095492
 10.095492
 10.095654
 10.095654
 10.095691
 10.095770
 10.095770
 10.094689
 10.089120
 10.089183
 10.088929
 10.088853
 10.088875
 10.088908
 10.088908
 10.089580
 10.089852
 10.089744
 10.089744
 10.090355
 10.090382
 10.091795
 10.086309
 10.086077
 10.085531
 10.085688
 10.085819
 10.086193
 10.086314
 10.086668
 10.086668
 10.087698
 10.087702
 10.087702
 10.087702
 10.088216
 10.088216
 10.088581
 10.089518
 10.089518
 10.089104
 10.089898
 10.090079
 10.090663
 10.090663
 10.090583
 10.090600
 10.090694
 10.090694
 10.091297
 10.091358
 10.091827
 10.092598
 10.092598
 10.092831
 10.092991
 10.092991
 10.092996
 10.093007
 10.086874
 10.086788
 10.089272
 10.089395
 10.090043
 10.090043
 10.090055
 10.090449
 10.091106
 10.091106
 10.091611
 10.091895
 10.092059
 10.092059
 10.092059
 10.092211
 10.092492
 10.093006
 10.093006
 10.093541
 10.093541
 10.093539
 10.093539
 10.093539
 10.093539
 10.093610
 10.098897
 10.098914
 10.099130
 10.099407
 10.099432
 10.102033
 10.102106
 10.102106
 10.102109
 10.102094399
 7.015039
 7.015043
 7.015043
 7.015043
 7.016610
 7.016610
 7.016606
 7.016743
 7.013885
 7.013970
 7.010377
 7.010380
 7.010025
 7.010090
 7.010513
 7.010513
 7.010513
 7.010554
 7.010553
 7.010553
 7.010553
 7.008467
 7.008467
 7.008467
 7.008467
 7.008486
 7.008653
 7.008653
 7.008653
 7.008889
 7.010427
 7.010424
 7.009936
 7.009997
 7.010004
 7.009151
 7.009160
 7.009454
 7.009454
 7.006180
 7.003969
 7.003969
 7.004104
 7.004314
 7.004314
 7.004144
 7.004144
 7.004018
 7.004018
 7.003751
 7.003591
 7.003691
 7.001574
 7.001275
 6.999700
 6.999686
 6.999686
 6.999686
 6.998969
 6.998966
 6.998821
 6.998821
 6.998720
 6.998596
 7.000396
 6.997839
 6.997570
 6.997925
 6.996498
 6.996397
 6.996135
 6.996027
 6.995772
 6.995568
 6.995886
 6.996429
 6.997234
 6.993651
 6.993651
 6.992207
 6.993173
 6.993185
 6.993183
 6.995177
 6.994277
 6.995223
 6.995223
 6.995223
 6.994171
 6.994171
 6.994193
 6.994193
 6.993998
 6.994052
 6.994076
 6.994157
 6.993984
 6.994517
 6.994653
 6.995475
 6.995475
 6.995564
 6.995332
 6.995285
 6.995413
 6.995444
 6.995456
 6.994804
 6.993709
 6.993709
 6.993722
 6.993489
 6.993660
 6.993633
 6.994039
 6.994020
 6.994074
 6.994074
 6.994108
 6.993554
 6.993562
 6.993230
 6.993286
 6.993412
 6.993243
 6.993362
 6.988670
 6.988670
 6.988516
 6.988516
 6.988538
 6.988538
 6.988557
 6.988459
 6.988462
 6.988278
 6.988245
 6.988245
 6.988442
 6.988594
 6.988683
 6.987508
 6.987543
 6.987543
 6.987614
 6.987790
 6.988677
 6.989119
 6.989119
 6.989119
 6.989066
 6.989066
 6.988120
 6.988120
 6.988120
 6.989844
 6.989909
 6.990354
 6.990354
 6.990348
 6.989654
 6.989603
 6.990227
 6.990393
 6.990393
 6.990393
 6.990075
 6.989710
 6.989748
 6.990045
 6.989974
 6.989974
 6.989981
 6.989981
 6.989966
 6.989410
 6.989410
 6.989224
 6.989234
 6.988708
 6.988708
 6.988648
 6.988344
 6.988748
 6.988786
 6.988843
 6.986260
 6.986260
 6.986260
 6.986377
 6.986517
 6.986517
 6.986517
 6.986517
 6.986517
 6.987224
 6.987239
 6.987182
 6.987349
 6.987318
 6.987371
 6.987516
 6.987524
 6.985769
 6.985756
 6.985756
 6.984021
 6.984021
 6.984021
 6.984021
 6.983753
 6.983815
 6.983815
 6.983832
 6.983473
 6.983473
 6.983393
 6.983568
 6.983353
 6.983353
 6.983009
 6.983009
 6.983000
 6.982831
 6.982829
 6.983053
 6.983647
 6.983647
 6.983624
 6.983624
 6.983624
 6.983974
 6.983974
 6.983971
 6.984002
 6.984197
 6.984197
 6.984197
 6.984228
 6.984361
 6.984361
 6.984252
 6.984252
 6.984252
 6.984139
 6.984139
 6.984139
 6.984084
 6.984401
 6.984113
 6.984135
 6.983561
 6.983742
 6.945124
 6.945124
 6.945130
 6.944998
 6.942093
 6.942183
 6.942210
 6.940826
 6.940835
 6.940835
 6.938948
 6.935616
 6.935639
 6.935742
 6.935151
 6.935099
 6.935099
 6.935099
 6.935099
 6.935099
 6.935099
 6.934781
 6.934877
 6.934350
 6.934350
 6.934435
 6.934531
 6.934627
 6.934531
 6.934531
 6.934629
 6.934629
 6.934629
 6.934629
 6.934629
 6.934716
 6.934716
 6.934659
 6.934496
 6.934472
 6.934662
 6.934662
 6.934567
 6.934541
 6.934541
 6.934541
 6.934636
 6.934636
 6.934636
 6.934636
 6.936621
 6.936337
 6.936337
 6.942820
 6.942820
 6.942901
 6.942603
 6.942797
 6.942797
 6.943365
 6.942929
 6.942929
 6.942929
 6.942954
 6.942960
 6.942975
 6.942975
 6.942975
 6.943002
 6.942987
 6.942932
 6.942932
 6.942885
 6.942885
 6.942885
 6.943407
 6.943654
 6.943654
 6.943100
 6.943100
 6.943103
 6.943105
 6.943111
 6.943111
 6.943111
 6.944371
 6.944371
 6.945243
 6.945243
 6.945053
 6.945289
 6.945289
 6.945289
 6.945311
 6.916862
 6.916862
 6.916885
 6.916885
 6.916876
 6.916947
 6.917791
 6.917791
 6.917832
 6.919041
 6.919041
 6.919749
 6.919742
 6.919770
 6.919770
 6.919770
 6.919770
 6.919806
 6.919805
 6.919853
 6.919896
 6.920277
 6.920288
 6.920345
 6.920345
 6.920626
 6.920626
 6.920630
 6.920450
 6.920727
 6.920736
 6.920699
 6.920646
 6.920646
 6.920534
 6.920543
 6.920543
 6.920623
 6.920623
 583
 6.389644
 6.389575
 6.389575
 6.389575
 6.389526
 6.389568
 6.389568
 6.389622
 6.389423
 6.389358
 6.389258
 8
 8.420594
 8.420648
 8.420396
 8.421799
 8.421799
 6.513671
 6.512114
 6.512113
 59202
 6.258351
 
 9.833224
 9.833255
 9.833331
 9.833333
 9.834933
 9.834938
 9.834938
 9.834938
 9.835002
 9.835002
 9.835654
 9.834489
 9.834484
 9.834450
 9.834450
 9.834450
 9.834451
 9.834681
 9.834681
 9.834681
 9.834681
 9.834774
 9.834823
 9.834584
 9.833601
 9.833090
 9.833090
 9.833107
 9.833115
 9.833115
 9.833219
 9.833220
 9.833398
 9.833398
 9.837715
 9.837727
 9.837797
 9.837798
 9.837804
 9.837832
 9.837742
 9.837952
 9.841864
 9.841850
 9.841850
 9.841850
 9.841849
 9.842928
 9.842912
 9.843604
 9.843602
 9.843602
 9.843600
 9.844522
 9.845542
 9.845542
 9.845542
 9.845542
 9.847673
 9.848347
 9.848173
 9.848070
 9.847532
 9.847297
 9.844519
 9.844519
 9.844540
 9.844540
 9.844540
 9.846175
 9.846634
 9.846913
 9.846953
 9.846954
 9.846963
 9.846963
 9.846963
 9.847048
 9.847048
 9.847126
 9.847126
 9.850495
 9.850510
 9.850504
 9.850507
 9.850507
 9.850680
 9.850988
 9.850988
 9.850988
 9.850988
 9.850839
 9.850839
 9.850933
 9.851020
 9.851020
 9.850929
 9.851708
 9.851767
 9.851819
 9.851819
 9.851819
 9.851819
 9.851820
 9.852908
 9.852851
 9.852851
 9.852826
 9.852826
 9.852830
 9.852830
 9.852830
 9.852781
 9.852608
 9.852608
 9.852608
 9.852496
 9.852496
 9.852496
 9.852496
 9.852496
 9.852510
 9.852416
 9.852412
 9.852540
 9.852728
 9.852876
 7369
 10.447369
 10.447662
 10.447113
 10.447214
 10.447580
 10.447536
 10.447539
 10.425757
 10.425384
 10.425384
 10.425384
 10.424646
 10.424729
 10.424719
 10.424614
 10.423946
 10.423946
 10.423603
 10.423603
 10.423607
 10.423607
 10.423380
 10.423445
 10.423445
 10.423445
  
 