shade_wo_archive, std
5.130952
 3.867756
 3.737671
 2.930897
 2.716309
 2.678969
 2.471341
 2.463939
 2.241746
 2.246459
 2.358854
 2.367346
 2.165655
 1.978588
 1.840187
 1.836980
 1.628597
 1.579020
 1.571075
 1.583220
 1.478089
 1.424811
 1.406898
 1.405466
 1.405466
 1.231482
 1.228092
 1.228143
 1.115537
 1.114355
 1.146342
 1.145907
 1.132135
 1.087416
 1.045685
 1.051681
 1.051681
 1.058053
 1.120152
 1.112893
 1.154229
 1.154229
 1.154229
 1.154229
 1.154189
 1.154189
 1.154189
 1.157893
 1.124909
 1.124909
 1.111017
 1.110157
 1.070193
 1.074727
 1.074727
 1.074727
 1.022272
 1.020185
 1.020185
 1.020185
 1.002198
 0.949513
 0.942638
 0.925760
 0.925760
 0.895835
 0.903327
 0.903327
 0.892785
 0.894522
 0.909230
 0.909230
 0.909186
 0.909186
 0.909186
 0.905009
 0.905009
 0.905009
 0.905009
 0.905009
 0.841281
 0.841281
 0.838483
 0.838483
 0.838483
 0.838483
 0.838483
 0.836454
 0.836454
 0.836454
 0.836454
 0.836454
 0.883264
 0.878932
 0.841763
 0.816112
 0.816112
 0.816112
 0.816112
 0.816112
 0.846801
 0.846801
 0.846801
 0.846801
 0.846801
 0.863384
 0.863384
 0.859741
 0.869606
 0.869606
 0.869620
 0.869620
 0.869620
 0.869620
 0.885416
 0.885416
 0.885416
 0.885416
 0.885416
 0.885416
 0.885416
 0.885416
 0.885416
 0.885416
 0.885416
 0.885416
 0.885416
 0.885416
 0.874753
 0.848668
 0.840877
 0.840877
 0.840877
 0.840877
 0.851600
 0.851600
 0.870962
 0.867150
 0.867150
 0.861906
 0.788466
 0.790031
 0.790031
 0.785187
 0.784613
 0.784613
 0.784613
 0.784613
 0.784613
 0.784613
 0.784613
 0.784613
 0.784613
 0.784613
 0.784613
 0.784613
 0.784613
 0.784613
 0.784613
 0.784613
 0.786641
 0.786148
 0.786148
 0.785136
 0.784035
 0.834867
 0.834867
 0.834867
 0.834867
 0.832793
 0.830973
 0.830973
 0.830973
 0.830973
 0.830973
 0.830973
 0.830973
 0.830973
 0.830973
 0.830973
 0.827908
 0.827908
 0.827908
 0.824464
 0.824464
 0.824464
 0.824464
 0.824464
 0.824464
 0.824464
 0.820905
 0.820905
 0.820905
 0.820905
 0.820905
 0.820905
 0.820905
 0.820905
 0.820905
 0.817601
 0.799442
 0.799442
 0.799442
 0.799442
 0.777916
 0.777916
 0.777916
 0.777916
 0.777916
 0.777916
 0.777916
 0.775100
 0.775100
 0.772848
 0.772848
 0.772848
 0.772848
 0.772848
 0.772848
 0.772848
 0.817644
 0.817644
 0.817644
 0.817644
 0.817644
 0.817644
 0.836041
 0.835509
 0.839201
 0.839201
 0.839201
 0.839201
 0.839201
 0.839201
 0.839201
 0.839201
 0.835221
 0.835221
 0.830300
 0.830300
 0.830300
 0.830300
 0.830300
 0.830300
 0.830300
 0.830300
 0.830300
 0.830300
 0.830300
 0.830300
 0.830300
 0.830300
 0.834537
 0.834537
 0.848413
 0.848413
 0.848413
 0.848413
 0.848413
 0.848413
 0.848413
 0.849368
 0.849368
 0.849368
 0.849368
 0.849368
 0.849368
 0.847847
 0.847847
 0.847847
 0.847847
 0.847847
 0.847847
 0.826505
 0.826505
 0.826505
 0.826505
 0.780189
 0.780189
 0.779973
 0.779973
 0.779973
 0.779973
 0.775202
 0.775202
 0.775202
 0.746602
 0.746137
 0.746137
 0.746137
 0.746137
 0.746137
 0.746137
 0.746511
 0.746511
 0.746511
 0.746511
 0.746511
 0.746511
 0.746511
 0.746511
 0.746511
 0.746511
 0.746511
 0.746511
 0.746511
 0.746511
 0.746511
 0.746511
 0.746511
 0.746511
 0.744821
 0.744821
 0.744821
 0.744821
 0.744821
 0.749852
 0.749852
 0.770538
 0.762851
 0.762851
 0.762851
 0.762851
 0.759264
 0.759264
 0.759264
 0.759264
 0.759264
 0.759264
 0.759264
 0.759264
 0.759264
 0.759264
 0.759264
 0.759264
 0.759264
 0.759264
 0.759264
 0.716777
 0.716680
 0.716680
 0.716680
 0.716680
 0.713492
 0.713492
 0.713492
 0.713492
 0.727611
 0.727611
 0.727611
 0.727611
 0.727611
 0.727611
 0.727611
 0.727611
 0.727611
 0.717574
 0.717574
 0.717574
 0.717574
 0.707341
 0.707341
 0.707341
 0.707341
 0.707341
 0.707341
 0.707341
 0.707341
 0.707341
 0.707341
 0.707341
 0.707341
 0.707341
 0.707341
 0.706672
 0.706672
 0.706672
 0.706672
 0.706672
 0.706672
 0.706672
 0.706672
 0.706672
 0.706672
 0.706672
 0.706672
 0.706672
 0.706672
 0.706672
 0.691716
 0.691716
 0.691069
 0.691069
 0.691069
 0.691069
 0.691069
 0.691069
 0.691069
 0.691069
 0.691069
 0.691069
 0.691069
 0.691069
 0.691155
 0.728152
 0.728152
 0.710171
 0.710171
 0.710171
 0.710171
 0.710171
 0.710171
 0.704462
 0.704462
 0.704462
 0.693919
 0.693919
 0.693919
 0.690277
 0.690277
 0.690277
 0.690277
 0.690277
 0.683493
 0.676857
 0.676857
 0.676857
 0.676857
 0.676857
 0.676857
 0.686633
 0.686633
 0.686633
 0.686575
 0.686575
 0.686575
 0.686575
 0.661146
 0.661146
 0.661146
 0.661146
 0.661146
 0.661146
 0.672363
 0.672363
 0.672363
 0.672363
 0.672363
 0.672363
 0.672363
 0.672363
 0.672363
 0.672363
 0.672363
 0.672363
 0.672363
 0.672363
 0.672363
 0.672363
 0.675834
 0.675834
 0.675834
 0.675756
 0.675756
 0.675756
 0.675756
 0.675756
 0.675756
 0.675756
 0.675756
 0.675756
 0.675756
 0.675756
 0.675756
 0.670333
 0.670333
 0.670333
 0.670333
 0.670333
 0.670333
 0.670333
 0.670333
 0.667776
 0.667776
 0.667776
 0.667776
 0.667776
 0.667776
 0.667776
 0.667776
 0.667776
 0.667776
 0.667776
 0.667776
 0.667776
 0.667776
 0.667776
 0.667776
 0.667776
 0.667451
 0.667451
 0.667451
 0.667451
 0.667451
 0.667451
 0.667451
 0.667451
 0.667451
 0.667451
 0.660476
 0.660476
 0.660476
 0.660476
 0.657934
 0.657934
 0.657934
 0.657934
 0.657934
 0.657934
 0.657934
 0.657934
 0.657934
 0.657934
 0.657934
 0.657934
 0.657934
 0.657934
 0.657934
 0.657934
 0.657934
 0.657934
 0.657934
 0.657934
 0.657934
 0.657934
 0.652560
 0.652560
 0.652560
 0.652560
 0.652560
 0.652560
 0.652560
 0.652560
 0.653078
 0.653078
 0.653078
 0.653078
 0.653078
 0.653078
 0.653078
 0.653078
 0.638163
 0.638163
 0.638163
 0.638163
 0.638163
 0.638163
 0.638163
 0.638163
 0.638163
 0.638163
 0.638163
 0.638163
 0.638163
 0.638163
 0.638163
 0.638163
 0.638163
 0.638163
 0.638163
 0.638163
 0.638163
 0.638163
 0.638163
 0.638163
 0.638163
 0.635496
 0.635496
 0.635496
 0.635496
 0.635496
 0.635496
 0.635496
 0.635496
 0.635496
 0.635496
 0.635496
 0.635496
 0.635496
 0.635496
 0.635496
 0.635496
 0.635496
 0.623317
 0.622883
 0.622883
 0.622883
 0.625459
 0.625459
 0.625459
 0.625459
 0.625459
 0.625459
 0.625459
 0.625459
 0.625459
 0.625459
 0.625459
 0.625459
 0.625459
 0.625459
 0.625459
 0.625254
 0.625254
 0.625254
 0.625254
 0.625254
 0.625254
 0.625254
 0.625254
 0.625254
 0.625254
 0.614656
 0.614656
 0.614656
 0.614656
 0.610651
 0.610651
 0.610651
 0.610651
 0.610651
 0.610651
 0.610651
 0.610651
 0.610651
 0.610651
 0.610651
 0.610651
 0.610651
 0.610651
 0.610651
 0.610651
 0.610651
 0.610651
 0.610651
 0.610651
 0.610584
 0.610584
 0.610584
 0.610584
 0.610584
 0.610584
 0.610584
 0.610584
 0.610584
 0.610584
 0.610584
 0.610584
 0.610584
 0.610584
 0.610584
 0.610584
 0.610584
 0.610584
 0.603308
 0.603308
 0.602635
 0.602635
 0.602635
 0.602635
 0.602635
 0.602635
 0.602635
 0.602635
 0.602635
 0.602635
 0.602635
 0.602635
 0.602635
 0.602635
 0.602635
 0.601625
 0.601625
 0.600229
 0.600229
 0.600229
 0.600229
 0.600229
 0.600229
 0.600229
 0.600229
 0.600229
 0.600229
 0.600229
 0.600229
 0.600229
 0.600229
 0.600229
 0.600229
 0.600229
 0.600229
 0.600229
 0.600229
 0.600229
 0.600229
 0.600229
 0.600229
 0.600229
 0.600229
 0.600229
 0.600229
 0.600229
 0.600229
 0.600229
 0.600229
 0.600229
 0.600229
 0.600229
 0.600229
 0.600229
 0.600229
 0.600229
 0.600258
 0.600258
 0.594673
 0.594673
 0.595615
 0.595615
 0.595615
 0.595615
 0.595615
 0.595615
 0.595615
 0.595615
 0.595615
 0.595615
 0.595615
 0.588931
 0.588931
 0.588931
 0.588931
 0.588931
 0.588931
 0.588931
 0.588931
 0.589645
 0.589645
 0.589645
 0.589645
 0.589645
 0.589645
 0.589645
 0.589645
 0.589645
 0.589645
 0.589645
 0.589645
 0.589645
 0.589645
 0.589645
 0.589645
 0.589645
 0.590656
 0.590132
 0.590132
 0.590132
 0.590132
 0.590132
 0.590132
 0.590132
 0.590132
 0.590132
 0.590132
 0.590132
 0.590132
 0.590132
 0.590132
 0.590132
 0.590132
 0.590132
 0.590132
 0.590132
 0.590132
 0.590132
 0.590132
 0.590132
 0.590132
 0.590132
 0.590132
 0.590132
 0.590132
 0.590132
 0.590132
 0.590132
 0.590132
 0.590132
 0.590132
 0.590132
 0.590132
 0.590132
 0.590132
 0.590132
 0.590132
 0.590132
 0.590132
 0.590132
 0.590132
 0.590132
 0.590132
 0.590132
 0.590132
 0.590132
 0.590132
 0.588175
 0.588175
 0.588175
 0.581395
 0.581395
 0.581395
 0.581395
 0.581395
 0.581395
 0.581395
 0.581395
 0.581395
 0.581395
 0.581395
 0.581395
 0.581395
 0.581395
 0.581395
 0.581395
 0.581395
 0.581395
 0.573480
 0.573480
 0.573480
 0.571817
 0.571817
 0.571817
 0.571817
 0.571817
 0.571817
 0.571817
 0.571817
 0.571817
 0.571817
 0.571817
 0.571817
 0.571817
 0.571817
 0.571817
 0.571817
 0.571817
 0.571182
 0.571182
 0.571182
 0.571182
 0.571182
 0.571182
 0.571182
 0.571182
 0.571182
 0.571182
 0.571182
 0.571182
 0.571182
 0.571182
 0.571182
 0.571182
 0.571182
 0.571182
 0.571182
 0.571182
 0.571182
 0.571182
 0.571182
 0.571182
 0.571182
 0.571182
 0.571182
 0.565911
 0.565911
 0.565911
 0.565911
 0.565911
 0.565911
 0.565911
 0.565911
 0.565911
 0.565911
 0.565911
 0.565618
 0.565618
 0.565618
 0.565618
 0.565618
 0.565618
 0.565618
 0.565618
 0.565618
 0.565618
 0.565618
 0.565618
 0.565618
 0.565618
 0.565618
 0.569276
 0.569276
 0.569276
 0.569276
 0.569276
 0.569276
 0.569276
 0.569276
 0.569276
 0.569276
 0.569276
 0.569276
 0.569276
 0.569276
 0.569276
 0.569276
 0.569276
 0.569276
 0.569276
 0.569276
 0.569276
 0.569276
 0.569276
 0.569276
 0.571765
 0.571765
 0.571765
 0.571765
 0.571765
 0.571765
 0.571765
 0.571765
 0.571765
 0.571765
 0.571765
 0.571765
 0.571765
 0.571765
 0.571765
 0.571765
 0.571765
 0.571765
 0.570811
 0.570811
 0.570811
 0.570811
 0.570811
 0.570811
 0.570811
 0.570811
 0.570811
 0.570811
 0.571312
 0.571312
 0.571312
 0.571312
 0.571312
 0.571312
 0.571312
 0.571312
 0.571312
 0.571312
 0.571312
 0.571312
 0.570968
 0.570968
 0.570968
 0.570968
 0.570968
 0.570968
 0.570968
 0.570968
 0.570968
 0.570968
 0.570968
 0.570968
 0.575385
 0.567216
 0.567216
 0.567216
 0.567216
 0.567216
 0.567216
 0.567216
 0.567216
 0.567216
 0.567216
 0.567139
 0.567139
 0.567139
 0.567139
 0.567139
 0.567164
 0.567164
 0.567164
 0.567164
 0.567164
 0.566418
 0.566418
 0.566418
 0.566418
 0.566418
 0.566418
 0.566418
 0.566418
 0.566418
 0.566418
 0.566418
 0.566418
 0.571119
 0.571119
 0.568855
 0.568855
 0.568855
 0.568855
 0.568855
 0.568855
 0.568855
 0.568855
 0.568855
 0.568855
 0.568855
 0.568855
 0.568855
 0.568855
 0.563507
 0.563507
 0.563507
 0.563507
 0.563507
 0.563507
 0.563507
 0.563507
 0.563507
 0.563507
 0.563507
 0.563507
 0.563507
 0.563507
 0.563507
 0.563507
 0.563507
 0.563507
 0.563507
 0.563507
 0.563507
 0.563507
 0.563507
 0.563507
 0.563507
 0.563507
 0.563507
 0.563507
 0.563507
 0.563507
 0.563507
 0.563507
 0.563507
 0.563507
 0.563507
 0.563507
 0.563507
 0.563507
 0.563507
 0.563507
 0.563507
 0.563507
 0.563507
 0.563507
 0.563507
 0.563507
 0.568580
 0.568580
 0.558884
 0.558884
 0.558884
 0.558884
 0.558884
 0.558884
 0.558884
 0.558884
 0.558884
 0.565922
 0.565922
 0.565922
 0.565922
 0.565922
 0.565922
 0.565922
 0.565922
 0.564182
 0.564182
 0.564182
 0.564182
 0.564182
 0.564182
 0.564182
 0.564182
 0.564182
 0.564182
 0.564182
 0.564182
 0.564182
 0.564182
 0.564182
 0.564182
 0.564182
 0.564182
 0.564182
 0.564182
 0.564182
 0.564182
 0.564182
 0.564182
 0.564182
 0.564182
 0.564182
 0.564182
 0.564182
 0.564182
 0.564182
 0.564182
 0.564182
 0.564182
 0.564182
 0.564182
 0.563018
 0.563018
 0.563018
 0.563294
 0.563294
 0.563294
 0.563294
 0.563294
 0.563294
 0.563294
 0.563294
 0.557529
 0.557529
 0.557529
 0.557529
 0.557529
 0.557529
 0.554029
 0.554029
 0.554029
 0.554029
 0.554029
 0.554029
 0.556690
 0.556690
 0.556690
 0.556690
 0.556690
 0.555971
 0.555971
 0.555971
 0.555971
 0.555971
 0.555971
 0.555971
 0.555971
 0.555971
 0.555971
 0.555971
 0.555971
 0.555971
 0.555971
 0.555971
 0.509768
 0.509768
 0.509768
 0.509768
 0.509768
 0.509768
 0.509768
 0.509768
 0.509768
 0.509768
 0.509768
 0.509768
 0.509768
 0.509768
 0.509768
 0.509768
 0.509768
 0.509768
 0.509768
 0.509768
 0.509768
 0.509768
 0.509768
 0.509768
 0.509768
 0.509768
 0.509768
 0.509768
 0.507086
 0.507086
 0.507086
 0.507086
 0.507086
 0.507373
 0.507373
 0.507373
 0.507373
 0.507373
 0.507373
 0.507373
 0.500646
 0.500646
 0.500646
 0.500646
 0.500646
 0.500646
 0.500646
 0.500646
 0.500646
 0.500646
 0.500646
 0.500646
 0.500646
 0.500646
 0.500646
 0.500646
 0.500646
 0.500817
 0.500817
 0.509309
 0.509309
 0.501962
 0.501962
 0.501962
 0.505677
 0.495807
 0.495807
 0.490169
 0.490169
 0.490169
 0.490169
 0.485912
 0.485912
 0.485912
 0.482713
 0.482713
 0.482713
 0.484726
 0.484726
 0.484726
 0.484726
 0.484726
 0.484352
 0.496103
 0.496103
 0.496103
 0.496103
 0.496103
 0.496103
 0.496103
 0.496103
 0.496103
 0.496103
 0.496103
 0.496103
 0.496103
 0.496103
 0.497832
 0.497832
 0.479968
 0.479968
 0.480254
 0.480254
 0.480254
 0.480254
 0.480254
 0.480254
 0.480254
 0.480254
 0.480254
 0.480254
 0.476890
 0.476890
 0.475694
 0.503063
 0.503063
 0.503063
 0.503063
 0.503063
 0.503063
 0.503063
 0.503063
 0.503063
 0.503063
 0.503063
 0.513206
 0.513206
 0.513206
 0.513206
 0.513206
 0.513206
 0.513206
 0.510495
 0.510495
 0.510495
 0.510495
 0.501278
 0.494996
 0.494996
 0.494996
 0.494996
 0.494996
 0.494996
 0.495277
 0.500913
 0.500906
 0.500906
 0.500906
 0.500906
 0.500906
 0.500906
 0.500906
 0.500906
 0.500906
 0.500906
 0.500906
 0.502432
 0.502432
 0.502432
 0.502432
 0.502432
 0.502432
 0.502432
 0.502432
 0.502432
 0.502432
 0.502355
 0.502355
 0.502355
 0.501634
 0.501634
 0.501634
 0.501634
 0.501634
 0.501634
 0.501634
 0.501634
 0.501634
 0.501634
 0.501634
 0.501634
 0.501634
 0.501472
 0.501472
 0.501472
 0.501472
 0.495381
 0.495381
 0.495381
 0.495381
 0.495381
 0.495381
 0.496322
 0.496322
 0.496322
 0.496322
 0.495913
 0.495913
 0.502796
 0.502796
 0.502796
 0.502796
 0.502796
 0.503009
 0.503009
 0.503009
 0.508062
 0.508062
 0.508062
 0.507470
 0.507470
 0.507470
 0.507470
 0.507351
 0.507370
 0.507370
 0.507370
 0.507370
 0.507370
 0.505290
 0.505290
 0.505290
 0.505290
 0.505290
 0.505290
 0.505290
 0.505290
 0.505290
 0.504706
 0.504706
 0.504706
 0.508511
 0.508511
 0.508720
 0.508720
 0.508720
 0.508720
 0.508720
 0.508720
 0.513283
 0.513283
 0.527414
 0.527414
 0.527414
 0.528383
 0.528383
 0.528383
 0.528383
 0.528383
 0.546469
 0.546469
 0.549867
 0.549867
 0.549620
 0.549620
 0.549620
 0.549620
 0.549620
 0.549620
 0.549620
 0.549620
 0.549620
 0.549620
 0.549620
 0.543509
 0.543509
 0.543509
 0.543509
 0.543509
 0.543509
 0.543509
 0.543509
 0.543509
 0.543509
 0.543509
 0.543509
 0.543509
 0.543509
 0.543509
 0.543509
 0.543509
 0.543509
 0.543509
 0.543509
 0.543509
 0.543509
 0.543509
 0.543509
 0.543509
 0.543509
 0.543509
 0.543509
 0.543509
 0.544475
 0.544475
 0.536098
 0.536098
 0.536098
 0.534261
 0.546393
 0.546393
 0.546393
 0.546393
 0.546393
 0.545735
 0.545735
 0.545735
 0.545735
 0.530879
 0.529735
 0.512197
 0.512197
 0.512197
 0.512197
 0.512197
 0.526332
 0.527345
 0.533908
 0.533908
 0.533908
 0.533908
 0.533908
 0.533908
 0.510308
 0.510308
 0.510308
 0.510308
 0.510308
 0.510308
 0.510308
 0.504200
 0.504200
 0.504200
 0.504200
 0.504200
 0.504200
 0.507569
 0.507569
 0.506024
 0.506024
 0.504615
 0.504615
 0.504615
 0.512076
 0.512076
 0.507935
 0.507935
 0.507935
 0.507935
 0.507935
 0.509142
 0.509142
 0.505526
 0.512220
 0.512220
 0.512220
 0.512220
 0.512220
 0.512220
 0.511239
 0.511239
 0.511239
 0.511239
 0.511239
 0.511239
 0.511239
 0.511239
 0.512085
 0.516470
 0.511710
 0.510392
 0.510392
 0.510392
 0.510392
 0.500539
 0.500539
 0.500539
 0.500539
 0.500539
 0.500539
 0.492077
 0.492077
 0.492077
 0.492077
 0.492077
 0.491348
 0.492898
 0.491326
 0.491326
 0.491326
 0.491326
 0.491328
 0.491328
 0.491328
 0.491197
 0.491197
 0.491197
 0.491312
 0.490419
 0.490419
 0.490419
 0.486187
 0.486187
 0.486187
 0.496452
 0.496452
 0.496452
 0.496452
 0.496452
 0.496452
 0.496452
 0.496452
 0.496452
 0.496452
 0.496734
 0.492193
 0.492193
 0.492193
 0.492193
 0.492193
 0.492193
 0.492223
 0.492223
 0.492223
 0.492703
 0.492703
 0.492703
 0.493221
 0.493221
 0.493221
 0.493221
 0.493221
 0.493221
 0.492767
 0.492767
 0.492767
 0.492767
 0.492767
 0.492767
 0.492767
 0.492767
 0.493710
 0.493713
 0.493713
 0.493713
 0.493713
 0.493713
 0.493713
 0.493713
 0.492497
 0.487623
 0.487915
 0.487915
 0.490707
 0.491955
 0.498193
 0.499322
 0.487825
 0.487825
 0.487825
 0.487825
 0.487825
 0.487825
 0.487825
 0.487825
 0.485368
 0.485368
 0.482516
 0.482516
 0.482516
 0.482516
 0.482516
 0.482368
 0.482368
 0.482368
 0.482368
 0.482368
 0.482368
 0.482368
 0.482368
 0.482368
 0.482368
 0.482368
 0.482368
 0.482368
 0.482368
 0.482368
 0.485408
 0.486871
 0.486871
 0.486871
 0.486871
 0.488203
 0.488203
 0.488203
 0.488487
 0.488487
 0.489501
 0.489505
 0.493998
 0.493998
 0.493998
 0.493998
 0.493998
 0.493998
 0.493998
 0.496347
 0.493982
 0.493982
 0.493877
 0.493894
 0.493894
 0.505482
 0.505482
 0.508042
 0.506578
 0.506578
 0.510274
 0.509826
 0.509826
 0.512039
 0.510352
 0.510352
 0.510352
 0.510352
 0.510352
 0.510352
 0.510352
 0.510352
 0.508320
 0.508320
 0.505603
 0.505603
 0.505603
 0.515841
 0.515961
 0.515961
 0.515961
 0.515961
 0.515961
 0.515961
 0.515957
 0.515957
 0.514068
 0.514068
 0.511477
 0.511477
 0.511477
 0.511477
 0.511477
 0.511477
 0.508859
 0.508859
 0.508859
 0.508859
 0.508042
 0.505315
 0.506149
 0.506149
 0.506149
 0.508744
 0.508744
 0.508744
 0.506844
 0.506844
 0.506844
 0.506844
 0.506844
 0.506844
 0.506844
 0.506844
 0.506844
 0.506844
 0.506844
 0.506844
 0.496408
 0.496408
 0.496408
 0.498908
 0.498908
 0.498908
 0.498908
 0.498908
 0.498908
 0.498006
 0.498006
 0.498006
 0.498006
 0.498811
 0.498811
 0.498811
 0.498811
 0.501455
 0.502322
 0.500546
 0.500342
 0.501892
 0.501892
 0.501892
 0.501892
 0.501142
 0.500619
 0.500619
 0.500619
 0.501240
 0.501240
 0.501072
 0.501072
 0.516023
 0.516023
 0.516023
 0.516023
 0.516023
 0.513826
 0.511296
 0.511296
 0.511296
 0.506282
 0.506282
 0.507422
 0.507422
 0.507422
 0.507422
 0.507422
 0.507422
 0.507422
 0.507422
 0.507422
 0.507422
 0.507422
 0.507422
 0.507422
 0.507422
 0.507422
 0.507422
 0.507224
 0.507224
 0.513698
 0.515479
 0.515479
 0.517245
 0.517245
 0.517245
 0.517245
 0.517245
 0.517245
 0.517245
 0.517245
 0.518288
 0.518288
 0.518288
 0.518288
 0.518288
 0.518288
 0.518288
 0.517693
 0.517693
 0.517693
 0.516535
 0.516535
 0.516535
 0.516535
 0.516535
 0.516535
 0.516535
 0.516535
 0.516535
 0.516535
 0.516535
 0.515249
 0.515674
 0.515696
 0.518429
 0.518429
 0.520013
 0.520013
 0.520013
 0.520013
 0.520013
 0.519584
 0.519584
 0.519584
 0.518561
 0.518561
 0.518561
 0.518561
 0.507726
 0.507726
 0.507726
 0.507726
 0.505558
 0.507122
 0.507122
 0.507122
 0.507122
 0.507134
 0.507134
 0.483898
 0.483898
 0.483598
 0.483598
 0.484162
 0.484162
 0.484162
 0.484162
 0.484162
 0.484162
 0.484162
 0.484162
 0.484162
 0.484162
 0.482677
 0.482677
 0.482677
 0.481857
 0.481857
 0.478446
 0.478446
 0.478446
 0.478446
 0.482898
 0.482898
 0.482898
 0.482898
 0.482898
 0.482898
 0.482898
 0.482898
 0.482898
 0.482898
 0.478731
 0.478731
 0.478731
 0.478593
 0.478593
 0.478593
 0.478593
 0.478593
 0.478593
 0.478593
 0.478593
 0.478593
 0.478593
 0.478593
 0.478593
 0.478137
 0.478137
 0.478137
 0.478137
 0.478137
 0.478177
 0.478611
 0.478713
 0.478713
 0.477508
 0.476609
 0.476609
 0.482672
 0.482672
 0.482672
 0.482672
 0.482672
 0.482672
 0.482153
 0.482153
 0.483616
 0.459516
 0.459516
 0.459516
 0.459516
 0.459516
 0.459516
 0.460373
 0.460373
 0.460373
 0.460373
 0.460373
 0.460373
 0.460373
 0.460373
 0.460373
 0.461009
 0.461009
 0.461009
 0.461429
 0.461237
 0.461237
 0.461237
 0.461237
 0.461237
 0.461237
 0.461237
 0.461237
 0.461438
 0.461438
 0.462227
 0.462227
 0.462227
 0.462893
 0.462893
 0.465843
 0.465843
 0.465843
 0.465397
 0.465397
 0.465523
 0.465523
 0.465523
 0.465523
 0.465523
 0.465523
 0.465523
 0.465523
 0.465604
 0.465604
 0.465667
 0.465667
 0.465667
 0.465667
 0.465667
 0.466001
 0.466001
 0.466001
 