shade_wo_archive, std
67.123196
 60.060560
 53.741904
 35.345814
 19.483255
 13.907450
 12.989763
 10.631433
 9.843212
 9.474192
 9.813619
 8.964685
 8.868767
 6.456753
 5.323156
 5.298111
 4.952905
 4.977320
 4.896687
 4.864026
 4.808664
 4.660564
 4.677462
 4.706112
 4.760418
 4.676093
 4.604547
 4.547874
 4.641255
 4.687466
 4.579632
 4.577136
 4.548457
 4.520580
 4.644889
 4.774042
 4.657391
 4.520672
 4.648957
 4.781727
 4.781727
 4.785134
 4.908862
 4.856611
 4.835833
 4.959565
 4.955613
 4.988820
 4.883440
 4.955113
 4.960730
 4.944677
 4.863949
 4.932950
 4.957637
 4.924232
 4.934982
 4.971825
 5.139212
 5.129964
 5.059814
 5.041184
 5.061543
 5.061543
 5.045921
 5.026511
 4.904294
 4.909089
 4.909450
 4.865788
 4.848094
 4.848094
 4.919934
 4.956778
 5.121480
 5.092668
 4.946632
 4.901404
 5.004097
 4.866009
 4.867854
 4.954584
 4.793911
 4.794122
 4.709992
 4.708385
 4.552253
 4.654942
 4.755641
 4.713979
 4.609317
 4.648159
 4.653440
 4.700051
 4.843185
 4.865580
 4.853963
 4.853963
 4.794842
 4.778721
 4.797891
 4.818296
 4.847412
 4.847412
 4.847412
 4.939607
 4.930747
 4.876723
 4.887870
 4.873097
 5.041528
 5.108207
 5.073887
 5.091955
 5.011359
 4.933980
 4.825728
 4.847558
 4.849418
 4.926626
 4.956874
 4.967022
 5.001333
 5.086514
 5.133568
 5.123251
 4.956063
 4.857478
 4.889638
 4.883582
 4.856641
 4.917554
 4.917554
 4.787612
 4.910085
 4.910085
 5.065004
 5.065448
 5.065894
 5.193234
 5.190521
 5.244634
 5.429290
 5.381362
 5.411977
 5.417121
 5.417121
 5.416918
 5.410643
 5.336988
 5.327967
 5.363060
 5.476679
 5.491467
 5.491467
 5.460722
 5.431458
 5.472908
 5.478863
 5.484745
 5.546810
 5.566931
 5.577361
 5.607980
 5.657220
 5.659119
 5.668436
 5.643226
 5.662592
 5.683323
 5.743649
 5.724036
 5.724061
 5.749592
 5.766204
 5.788354
 5.796141
 5.806238
 5.808020
 5.855013
 5.875306
 5.852278
 5.852840
 5.926423
 5.944432
 5.916550
 5.907537
 5.947135
 5.843962
 5.856402
 5.873185
 5.910583
 5.915465
 5.875420
 5.868235
 5.827557
 5.854088
 5.929368
 5.952970
 5.949572
 5.975191
 6.024828
 5.982178
 5.925739
 5.925633
 5.951436
 5.911724
 5.935384
 6.009591
 6.033081
 6.048589
 5.976457
 5.968991
 5.969274
 5.970200
 5.649254
 5.676508
 5.683574
 5.656842
 5.675757
 5.625099
 5.629877
 5.482842
 5.459763
 5.437309
 5.448695
 5.440444
 5.534294
 5.696221
 5.716806
 5.685311
 5.685611
 5.719145
 5.714409
 5.679486
 5.679486
 5.649540
 5.682289
 5.653943
 5.662937
 5.670676
 5.684786
 5.618155
 5.644697
 5.702088
 5.668891
 5.539035
 5.537048
 5.513848
 5.555364
 5.557508
 5.516149
 5.589985
 5.629392
 5.616425
 5.616425
 5.667887
 5.674250
 5.672850
 5.696779
 5.706649
 5.727695
 5.738315
 5.776127
 5.780184
 5.789826
 5.787448
 5.793516
 5.804833
 5.825777
 5.830584
 5.830544
 5.832027
 5.832027
 5.912175
 5.931835
 5.934707
 5.955037
 5.944554
 5.922619
 5.945792
 5.946584
 5.949617
 5.961279
 5.961279
 5.972351
 5.982025
 5.980751
 5.980751
 5.986715
 6.068577
 6.070777
 6.098977
 6.112263
 6.111934
 6.120316
 6.120467
 6.144550
 6.145052
 6.145052
 6.148688
 6.093462
 6.101701
 6.106042
 6.113552
 6.117517
 6.012925
 6.023035
 6.100799
 6.106867
 6.102478
 6.119611
 6.164408
 6.181246
 6.183666
 6.008426
 6.003925
 5.956866
 5.951671
 5.911602
 5.911602
 5.899459
 5.899459
 5.946673
 5.946673
 5.946673
 5.944762
 5.947046
 5.954581
 5.973095
 5.973095
 5.986250
 5.993741
 6.051783
 6.058609
 6.060069
 6.027213
 6.027213
 6.037258
 6.041563
 6.038437
 6.060812
 6.062679
 6.063060
 6.068762
 6.091792
 6.094579
 6.101756
 6.142595
 6.151536
 6.160443
 6.117827
 6.148773
 6.150663
 6.149222
 6.152301
 6.154216
 6.158973
 6.163481
 6.165886
 6.198445
 6.214727
 6.215185
 6.219267
 6.206848
 6.234236
 6.236620
 6.236620
 6.241037
 6.249656
 6.257194
 6.290112
 6.294357
 6.326420
 6.347569
 6.369437
 6.369437
 6.375600
 6.387871
 6.396880
 6.393649
 6.400453
 6.401975
 6.204765
 6.185621
 6.185291
 6.187757
 6.192585
 6.189133
 6.155682
 6.156123
 6.119000
 6.130159
 6.046422
 5.889613
 5.891374
 5.891374
 5.891374
 5.890519
 5.896894
 5.915864
 5.909289
 5.565629
 5.561668
 5.576340
 5.576426
 5.572874
 5.554286
 5.554506
 5.570151
 5.573418
 5.573418
 5.573810
 5.602650
 5.614025
 5.616232
 5.632934
 5.683702
 5.683702
 5.690733
 5.689856
 5.696149
 5.707635
 5.555189
 5.511195
 5.519329
 5.520633
 5.533303
 5.533444
 5.538336
 5.545218
 5.562838
 5.576170
 5.579820
 5.530603
 5.488189
 5.403291
 5.395283
 5.395885
 5.398619
 5.373443
 5.374161
 5.380069
 5.359593
 5.336466
 5.334356
 5.289731
 5.258623
 5.129512
 5.132849
 5.119000
 5.109268
 5.102153
 5.099422
 5.107257
 5.105427
 5.112725
 5.151395
 5.153358
 5.132870
 5.140022
 5.161663
 4.784566
 4.662482
 4.509085
 4.511188
 4.458598
 4.463400
 4.468120
 4.474829
 4.356442
 4.352999
 4.355712
 4.360668
 4.361248
 4.356005
 4.341196
 4.290981
 4.294015
 4.283499
 4.293910
 4.257189
 4.266861
 4.267780
 4.260332
 4.245803
 4.164591
 4.152829
 4.162460
 4.162460
 4.171588
 4.178524
 4.179570
 4.180417
 4.194532
 4.194287
 2.596338
 2.612175
 2.609769
 2.601988
 2.609012
 2.614797
 2.589086
 2.591839
 2.580754
 2.595069
 2.590287
 2.615565
 2.604481
 2.611600
 2.613726
 2.617423
 2.612656
 2.615082
 2.623463
 2.624213
 2.632680
 2.628320
 2.590129
 2.607268
 2.603802
 2.607185
 2.609277
 2.608193
 2.610505
 2.617526
 2.613338
 2.613785
 2.609846
 2.621537
 2.393520
 2.401848
 2.395694
 2.355924
 2.357807
 2.343463
 2.336654
 2.338852
 2.348417
 2.312745
 2.320404
 2.323328
 2.300810
 2.303149
 2.306816
 2.313460
 2.310113
 2.313933
 2.302991
 2.298598
 2.298989
 2.290503
 2.296256
 2.304645
 2.305144
 2.309147
 2.313169
 2.305794
 2.306357
 2.322860
 2.319553
 2.321207
 2.325821
 2.334134
 2.331452
 2.358312
 2.407497
 2.417928
 2.415677
 2.419479
 2.422021
 2.423654
 2.428999
 2.451360
 2.456340
 2.457918
 2.458960
 2.455385
 2.453992
 2.463969
 2.462706
 2.462909
 2.467645
 2.452397
 2.443280
 2.444263
 2.447926
 2.451337
 2.450779
 2.453532
 2.466929
 2.469395
 2.471227
 2.471801
 2.473071
 2.473071
 2.466460
 2.471401
 2.474783
 2.471342
 2.476825
 2.479388
 2.483670
 2.485690
 2.481457
 2.484096
 2.493451
 2.494073
 2.488158
 2.493867
 2.499733
 2.499990
 2.502574
 2.506643
 2.493639
 2.494753
 2.496078
 2.495034
 2.479782
 2.456366
 2.454420
 2.438095
 2.437963
 2.438331
 2.439129
 2.436875
 2.439014
 2.428924
 2.397566
 2.396035
 2.397219
 2.397498
 2.397364
 2.397085
 2.397162
 2.391951
 2.388211
 2.399219
 2.366677
 2.366553
 2.365332
 2.365630
 2.364204
 2.365988
 2.369144
 2.370606
 2.375268
 2.372436
 2.374957
 2.375019
 2.376748
 2.377820
 2.379920
 2.382439
 2.382607
 2.379183
 2.383740
 2.387448
 2.385871
 2.389137
 2.389137
 2.388042
 2.388818
 2.389826
 2.386795
 2.388187
 2.392273
 2.393634
 2.394006
 2.396452
 2.397732
 2.401095
 2.402931
 2.407079
 2.410564
 2.413899
 2.414092
 2.413566
 2.415010
 2.416859
 2.415287
 2.415287
 2.416707
 2.419200
 2.419476
 2.422310
 2.422375
 2.425056
 2.426360
 2.428463
 2.430759
 2.431670
 2.434300
 2.437349
 2.437528
 2.441933
 2.442214
 2.442682
 2.442682
 2.444494
 2.444823
 2.444827
 2.445855
 2.449579
 2.452645
 2.452645
 2.449630
 2.449755
 2.452110
 2.453776
 2.456118
 2.457560
 2.458697
 2.460242
 2.459872
 2.461656
 2.462181
 2.462983
 2.462682
 2.462953
 2.465318
 2.465318
 2.468507
 2.472071
 2.474035
 2.475049
 2.476301
 2.478491
 2.482246
 2.483059
 2.483385
 2.483168
 2.486418
 2.485218
 2.485834
 2.486953
 2.487388
 2.487963
 2.489611
 2.489993
 2.491977
 2.488191
 2.489142
 2.491960
 2.495210
 2.494968
 2.495428
 2.496831
 2.495971
 2.495898
 2.497278
 2.497629
 2.497608
 2.497572
 2.498892
 2.503675
 2.506044
 2.506180
 2.503793
 2.509760
 2.512437
 2.512338
 2.511948
 2.516402
 2.516746
 2.516885
 2.517521
 2.519179
 2.519352
 2.518998
 2.519167
 2.518668
 2.519384
 2.518862
 2.519286
 2.519337
 2.519689
 2.520781
 2.527963
 2.527615
 2.530434
 2.531383
 2.531383
 2.532885
 2.532895
 2.533717
 2.532043
 2.532723
 2.532884
 2.534575
 2.534646
 2.535560
 2.535709
 2.536239
 2.536812
 2.536703
 2.540456
 2.540800
 2.541941
 2.541976
 2.543031
 2.545810
 2.546117
 2.547864
 2.548883
 2.549144
 2.549679
 2.550105
 2.552043
 2.560239
 2.561034
 2.562120
 2.562120
 2.562191
 2.563315
 2.563263
 2.565162
 2.565295
 2.566738
 2.565853
 2.567525
 2.568190
 2.570268
 2.570184
 2.569883
 2.569912
 2.570219
 2.571390
 2.570881
 2.571861
 2.571526
 2.573304
 2.574524
 2.573572
 2.573572
 2.573558
 2.575677
 2.576792
 2.577712
 2.577693
 2.577693
 2.577693
 2.577791
 2.578037
 2.578251
 2.578467
 2.578351
 2.578203
 2.579305
 2.580795
 2.582141
 2.582393
 2.579860
 2.580485
 2.580485
 2.581995
 2.583538
 2.583130
 2.585391
 2.586633
 2.592234
 2.592391
 2.592711
 2.595333
 2.595347
 2.596067
 2.593575
 2.594096
 2.595655
 2.596387
 2.596481
 2.595498
 2.595878
 2.595902
 2.593356
 2.592035
 2.591327
 2.589219
 2.589013
 2.590839
 2.592330
 2.594009
 2.594009
 2.594465
 2.594327
 2.595093
 2.596184
 2.596727
 2.597517
 2.597923
 2.597951
 2.598686
 2.598781
 2.598683
 2.598723
 2.598895
 2.598895
 2.598895
 2.599178
 2.600709
 2.599505
 2.593545
 2.593741
 2.595688
 2.597124
 2.598914
 2.598914
 2.598914
 2.599740
 2.597761
 2.597893
 2.597841
 2.598221
 2.598767
 2.599699
 2.599864
 2.599950
 2.599971
 2.600527
 2.599212
 2.599424
 2.599433
 2.599433
 2.599724
 2.600191
 2.600331
 2.600635
 2.600738
 2.600799
 2.602067
 2.602299
 2.602299
 2.604218
 2.604252
 2.604283
 2.604688
 2.604806
 2.605046
 2.605167
 2.605178
 2.605184
 2.606830
 2.606513
 2.607284
 2.608372
 2.607580
 2.608413
 2.610215
 2.610081
 2.610057
 2.609989
 2.611152
 2.612406
 2.613016
 2.613047
 2.613047
 2.612906
 2.616922
 2.617142
 2.618193
 2.618428
 2.619150
 2.619260
 2.620400
 2.620503
 2.620503
 2.620515
 2.620457
 2.621358
 2.624364
 2.624483
 2.624483
 2.625449
 2.625989
 2.626085
 2.627525
 2.627577
 2.627127
 2.627359
 2.627831
 2.628055
 2.629100
 2.629355
 2.629355
 2.630626
 2.630626
 2.632002
 2.633361
 2.633681
 2.634372
 2.634372
 2.634200
 2.634303
 2.634301
 2.634200
 2.634229
 0.572204
 0.570458
 0.557142
 0.433348
 0.427936
 0.426973
 0.429066
 0.428966
 0.428903
 0.428889
 0.428749
 0.423536
 0.422903
 0.419643
 0.415755
 0.420625
 0.420275
 0.420465
 0.421295
 0.422061
 0.422252
 0.418600
 0.419415
 0.417301
 0.416992
 0.416275
 0.415611
 0.417628
 0.417849
 0.421831
 0.421674
 0.421680
 0.418344
 0.418653
 0.418056
 0.417445
 0.417129
 0.418273
 0.416874
 0.416874
 0.416874
 0.415646
 0.416838
 0.416853
 0.415618
 0.412836
 0.413509
 0.413509
 0.412245
 0.412295
 0.412295
 0.413296
 0.417537
 0.417930
 0.418136
 0.414285
 0.414893
 0.414595
 0.414956
 0.414368
 0.389562
 0.390414
 0.390293
 0.392197
 0.391386
 0.399765
 0.400540
 0.400540
 0.403035
 0.402911
 0.393891
 0.399482
 0.404163
 0.400190
 0.400180
 0.401195
 0.402948
 0.400876
 0.400944
 0.402066
 0.399759
 0.399759
 0.399148
 0.397418
 0.400240
 0.398851
 0.398851
 0.400217
 0.400303
 0.400303
 0.401397
 0.401480
 0.402970
 0.402261
 0.398355
 0.396518
 0.395316
 0.394417
 0.390698
 0.392410
 0.392762
 0.396985
 0.384019
 0.370854
 0.370494
 0.373360
 0.373089
 0.373386
 0.373580
 0.375851
 0.375686
 0.374596
 0.373550
 0.373563
 0.373563
 0.373045
 0.372689
 0.372471
 0.374558
 0.375513
 0.372059
 0.372552
 0.369692
 0.370817
 0.371440
 0.372167
 0.371941
 0.372665
 0.373655
 0.372083
 0.372888
 0.373424
 0.368939
 0.368939
 0.368239
 0.368696
 0.366243
 0.366420
 0.366400
 0.366431
 0.370142
 0.370305
 0.369274
 0.369274
 0.368147
 0.368004
 0.367927
 0.368632
 0.368658
 0.366851
 0.366340
 0.366338
 0.366475
 0.361149
 0.356496
 0.342171
 0.342224
 0.342224
 0.344157
 0.327175
 0.321086
 0.318230
 0.318230
 0.303040
 0.299601
 0.299601
 0.299068
 0.299334
 0.299498
 0.299498
 0.299498
 0.298611
 0.299898
 0.299898
 0.300068
 0.300359
 0.300340
 0.301101
 0.303022
 0.303322
 0.303317
 0.304210
 0.301866
 0.297996
 0.298341
 0.298645
 0.296705
 0.296939
 0.295892
 0.295600
 0.295441
 0.295441
 0.295224
 0.295116
 0.295116
 0.295569
 0.294803
 0.294803
 0.294858
 0.295233
 0.294634
 0.294476
 0.295819
 0.296690
 0.294397
 0.294488
 0.291754
 0.291754
 0.290409
 0.290416
 0.290450
 0.287561
 0.287615
 0.286769
 0.286769
 0.286083
 0.286083
 0.285036
 0.285048
 0.285048
 0.285215
 0.286523
 0.287887
 0.287887
 0.285491
 0.285949
 0.283219
 0.283397
 0.283657
 0.284687
 0.284373
 0.284618
 0.284619
 0.285093
 0.284576
 0.284455
 0.284405
 0.284782
 0.284971
 0.284990
 0.285008
 0.285008
 0.284599
 0.285622
 0.285622
 0.285789
 0.285449
 0.285449
 0.285660
 0.285660
 0.285524
 0.285712
 0.286249
 0.281601
 0.281220
 0.280566
 0.280697
 0.279693
 0.279981
 0.280641
 0.280366
 0.280366
 0.280434
 0.281477
 0.281428
 0.281428
 0.281571
 0.281149
 0.280271
 0.280271
 0.281556
 0.281556
 0.281941
 0.282792
 0.280422
 0.279767
 0.280775
 0.281162
 0.282275
 0.282275
 0.282307
 0.283982
 0.283982
 0.284253
 0.284760
 0.283514
 0.282624
 0.277893
 0.278106
 0.278297
 0.278478
 0.278515
 0.278745
 0.277750
 0.277047
 0.277047
 0.277286
 0.277181
 0.277525
 0.278066
 0.278090
 0.278129
 0.278129
 0.278225
 0.276555
 0.276903
 0.276903
 0.276616
 0.275908
 0.275908
 0.275280
 0.275194
 0.275419
 0.273751
 0.274005
 0.274296
 0.274296
 0.274113
 0.274713
 0.274973
 0.274654
 0.274719
 0.272971
 0.273520
 0.270562
 0.270562
 0.270787
 0.268098
 0.268055
 0.268055
 0.266692
 0.267434
 0.267818
 0.267237
 0.267237
 0.267580
 0.267515
 0.267452
 0.267452
 0.267452
 0.267454
 0.266162
 0.265970
 0.265970
 0.266183
 0.265679
 0.265752
 0.265752
 0.265752
 0.265752
 0.264536
 0.264536
 0.264536
 0.265250
 0.265198
 0.264772
 0.264528
 0.265000
 0.265000
 0.265000
 0.258187
 0.258187
 0.258109
 0.258111
 0.255924
 0.255960
 0.255603
 0.255086
 0.255089
 0.255606
 0.255883
 0.255385
 0.250606
 0.250805
 0.250287
 0.250038
 0.250723
 0.250903
 0.250921
 0.250913
 0.249473
 0.248622
 0.248358
 0.247540
 0.247540
 0.247597
 0.247597
 0.247597
 0.247331
 0.247331
 0.247335
 0.247335
 0.248140
 0.247913
 0.247886
 0.247886
 0.246171
 0.245747
 0.245997
 0.246062
 0.246056
 0.246056
 0.246068
 0.246068
 0.247139
 0.247139
 0.247606
 0.247606
 0.247606
 0.247403
 0.247873
 0.245465
 0.245465
 0.245681
 0.246157
 0.246157
 0.245483
 0.245290
 0.245733
 0.245733
 0.245466
 0.246018
 0.244881
 0.244511
 0.245028
 0.244399
 0.244908
 0.244908
 0.245135
 0.245193
 0.243794
 0.243794
 0.243794
 0.242491
 0.241976
 0.242069
 0.242031
 0.240007
 0.239459
 0.239459
 0.237438
 0.237438
 0.237438
 0.235763
 0.235290
 0.235273
 0.226431
 0.226536
 0.226707
 0.226707
 0.226660
 0.226425
 0.214675
 0.214554
 0.214554
 0.214760
 0.214760
 0.214760
 0.214760
 0.214760
 0.214658
 0.214657
 0.214657
 0.214657
 0.214657
 0.214649
 0.214552
 0.214552
 0.214552
 0.214552
 0.214659
 0.214659
 0.214124
 0.214124
 0.214155
 0.214155
 0.214240
 0.214215
 0.214866
 0.214228
 0.214500
 0.215173
 0.216042
 0.214810
 0.214810
 0.214764
 0.214788
 0.215076
 0.214668
 0.214382
 0.213758
 0.213607
 0.212516
 0.212516
 0.212516
 0.212516
 0.212552
 0.212352
 0.212445
 0.212320
 0.212372
 0.212886
 0.213669
 0.214192
 0.214382
 0.214126
 0.213997
 0.214420
 0.214642
 0.214766
 0.215055
 0.215736
 0.215736
 0.215876
 0.215876
 0.216133
 0.216153
 0.216153
 0.216433
 0.216101
 0.216044
 0.216282
 0.216282
 0.214500
 0.215010
 0.215014
 0.214896
 0.214928
 0.214113
 0.214671
 0.214671
 0.214451
 0.214445
 0.214758
 0.214926
 0.215457
 0.215599
 0.217016
 0.217016
 0.217038
 0.216343
 0.215914
 0.216226
 0.216378
 0.216709
 0.216709
 0.217585
 0.217612
 0.217612
 0.217552
 0.217532
 0.217500
 0.217100
 0.217212
 0.218589
 0.218573
 0.218573
 0.216261
 0.216146
 0.216266
 0.212318
 0.212309
 0.212309
 0.212309
 0.212476
 0.212480
 0.212491
 0.212271
 0.212435
 0.212488
 0.212488
 0.212654
 0.212455
 0.212595
 0.212595
 0.212828
 0.212828
 0.209674
 0.209848
 0.204874
 0.204874
 0.204993
 0.204889
 0.205001
 0.206112
 0.205614
 0.205665
 0.205744
 0.205798
 0.205803
 0.206487
 0.206004
 0.205279
 0.203360
 0.203360
 0.197184
 0.196261
 0.194493
 0.194501
 0.194501
 0.194501
 0.194125
 0.194125
 0.194317
 0.183827
 0.183035
 0.181886
 0.181833
 0.181540
 0.181738
 0.183300
 0.183305
 0.183462
 0.182436
 0.180668
 0.181286
 0.181064
 0.181064
 0.181064
 0.181121
 0.181121
 0.181562
 0.181444
 0.181736
 0.181830
 0.181830
 0.181226
 0.181632
 0.181721
 0.181721
 0.181931
 0.181931
 0.181931
 0.182405
 0.182354
 0.181655
 0.181696
 0.181724
 0.181994
 0.182027
 0.183341
 0.179429
 0.179512
 0.179487
 0.179487
 0.179321
 0.179456
 0.179210
 0.179210
 0.179210
 0.179240
 0.178681
 0.178681
 0.178376
 0.178256
 0.179992
 0.180120
 0.180120
 0.180320
 0.180240
 0.180604
 0.180201
 0.180213
 0.179953
 0.179881
 0.180247
 0.180505
 0.180505
 0.180959
 0.181045
 0.181522
 0.181509
 0.181509
 0.181511
 0.181511
 0.179701
 0.179782
 0.180161
 0.180161
 0.179799
 0.179792
 0.179961
 0.179961
 0.179961
 0.180322
 0.180322
 0.180322
 0.180322
 0.180322
 0.180273
 0.180063
 0.180117
 0.180174
 0.180150
 0.180150
 0.180429
 0.180394
 0.180572
 0.180572
 0.181054
 0.181054
 0.181054
 0.180149
 0.180149
 0.179942
 0.179951
 0.180012
 0.180013
 0.180013
 0.180013
 0.180005
 0.180009
 0.180278
 0.180270
 0.179824
 0.179824
 0.179917
 0.179806
 0.179906
 0.179906
 0.179906
 0.179906
 0.179900
 0.179900
 0.180393
 0.180321
 0.180217
 0.178306
 0.178306
 0.178298
 0.178402
 0.178402
 0.178402
 0.178057
 0.178209
 0.178234
 0.178233
 0.178233
 0.178232
 0.178232
 0.178388
 0.178706
 0.178706
 0.178689
 0.178689
 0.178793
 0.178830
 0.178830
 0.178874
 0.174075
 0.174726
 0.174431
 0.174393
 0.174634
 0.174634
 0.174493
 0.174493
 0.174493
 0.174493
 0.171550
 0.171549
 0.171063
 0.171063
 0.170672
 0.170672
 0.172041
 0.172082
 0.172172
 0.172026
 0.171104
 0.171465
 0.171465
 0.171647
 0.171863
 0.171884
 0.171884
 0.171938
 0.171694
 0.171694
 0.171694
 0.171830
 0.171918
 0.172460
 0.172461
 0.172495
 0.173322
 0.173548
 0.173831
 0.174209
 0.174312
 0.174424
 0.174970
 0.175302
 0.175270
 0.175488
 0.175501
 0.175501
 0.176132
 0.176132
 0.176132
 0.176043
 0.176634
 0.160533
 0.160969
 0.160665
 0.160663
 0.155871
 0.153941
 0.154108
 0.154108
 0.153763
 0.153824
 0.154432
 0.154432
 0.154534
 0.154534
 0.154200
 0.153005
 0.153049
 0.153147
 0.153369
 0.151242
 0.149611
 0.149278
 0.149278
 0.147972
 0.148086
 0.148086
 0.147778
 0.147778
 0.147672
 0.147685
 0.147723
 0.147669
 0.148603
 0.147929
 0.147929
 0.147918
 0.147938
 0.148292
 0.148203
 0.148203
 0.148192
 0.146527
 0.146535
 0.146535
 0.146243
 0.146083
 0.146097
 0.146097
 0.146097
 0.146159
 0.146159
 0.146171
 0.146400
 0.146400
 0.146762
 0.147221
 0.147369
 0.145380
 0.145772
 0.145799
 0.145799
 0.145800
 0.144971
 0.145588
 0.143714
 0.143113
 0.143128
 0.143030
 0.143030
 0.142971
 0.143515
 0.143618
 0.143618
 0.143591
 0.143431
 0.143563
 0.143563
 0.143479
 0.143450
 0.143640
 0.143640
 0.143712
 0.143866
 0.143868
 0.143870
 0.144817
 0.144776
 0.144830
 0.144869
 0.144869
 0.144209
 0.144222
 0.144227
 0.144227
 0.144470
 0.144047
 0.144052
 0.144022
 0.145675
 0.145706
 0.147273
 0.147115
 0.147115
 0.147276
 0.147276
 0.146836
 0.146957
 0.146957
 0.146976
 0.147094
 0.147390
 0.147526
 0.146457
 0.146484
 0.146568
 0.146656
 0.144134
 0.144134
 0.143638
 0.143613
 0.143629
 0.143631
 0.143633
 0.143633
 0.143633
 0.143633
 0.143660
 0.143681
 0.143680
 0.143570
 0.143570
 0.143993
 0.143993
 0.144185
 0.144185
 0.144185
 0.143987
 0.144415
 0.144414
 0.144392
 0.144213
 0.144339
 0.144339
 0.144442
 0.144442
 0.144991
 0.146346
 0.148127
 0.148030
 0.147758
 0.147809
 0.147885
 0.148187
 0.148618
 0.148618
 0.148618
 0.148515
 0.148515
 0.148515
 0.149541
 0.149668
 0.149880
 0.150308
 0.150308
 0.150313
 0.150295
 0.150638
 0.150300
 0.150402
 0.150431
 0.150548
 0.150548
 0.150555
 0.150616
 0.150616
 0.151464
 0.151824
 0.151644
 0.151644
 0.151730
 0.152269
 0.152243
 0.152219
 0.153073
 0.153109
 0.153109
 0.153109
 0.153177
 0.153339
 0.153339
 0.154584
 0.154469
 0.154587
 0.154604
 0.154599
 0.154863
 0.154978
 0.154978
 0.155148
 0.155148
 0.155231
  
   