shade_wo_archive, std
218.593564
 209.770149
 189.198678
 190.523156
 153.982550
 147.576148
 147.184359
 130.703756
 114.457416
 98.998788
 97.279310
 69.392114
 49.386978
 16.326125
 8.238124
 8.102720
 8.198368
 8.332625
 5.627411
 5.735419
 5.859153
 5.499733
 5.494351
 5.270647
 4.814713
 4.576577
 4.425851
 4.540757
 4.504587
 4.519357
 4.486501
 4.539381
 4.522971
 4.466984
 4.493117
 4.560346
 4.511356
 4.724590
 4.540052
 4.485652
 4.411072
 4.163609
 4.286772
 4.099559
 4.035125
 4.047516
 3.933303
 3.574604
 3.668334
 3.709716
 3.663362
 3.630589
 3.565900
 3.566318
 3.517647
 3.536682
 3.704585
 3.789892
 3.740193
 3.648399
 3.718750
 3.636149
 3.651119
 3.639622
 3.566113
 3.527902
 3.508423
 3.508423
 3.605484
 3.599127
 3.585844
 3.579463
 3.535655
 3.577713
 3.544510
 3.384078
 3.441729
 3.357324
 3.382801
 3.411945
 3.373304
 3.489164
 3.544622
 3.474933
 3.406518
 3.450656
 3.533633
 3.603635
 3.669136
 3.710474
 3.748700
 3.796274
 3.883631
 3.886410
 3.983562
 3.965465
 3.792107
 3.907731
 3.889231
 4.004670
 4.131473
 4.152435
 4.306650
 4.355510
 4.299941
 4.428986
 4.448330
 4.406705
 4.543582
 4.563250
 4.459764
 4.476145
 4.457653
 4.598489
 4.570838
 4.615914
 4.564199
 4.462975
 4.481894
 4.540280
 4.554468
 4.593535
 4.612816
 4.618707
 4.591690
 4.599440
 4.717878
 4.621193
 4.622200
 4.635205
 4.675273
 4.891357
 4.944113
 4.903327
 4.892861
 4.885654
 4.859690
 4.962447
 4.968069
 4.808537
 4.737697
 4.644790
 4.638846
 4.570303
 4.612797
 4.509219
 4.462820
 4.527623
 4.656957
 4.705598
 4.677942
 4.700482
 4.664988
 4.685817
 4.730882
 4.747821
 4.716897
 4.753482
 4.756170
 4.812646
 4.883561
 4.909992
 4.953554
 4.857952
 4.763489
 4.714321
 4.731281
 4.711543
 4.638865
 4.655375
 4.732456
 4.757386
 4.801649
 4.745981
 4.688597
 4.564160
 4.576600
 4.558118
 4.574189
 4.600449
 4.629227
 4.631462
 4.650302
 4.632084
 4.662045
 4.670088
 4.696427
 4.715718
 4.735421
 4.746577
 4.769194
 4.773192
 4.809565
 4.863459
 4.879622
 4.901886
 4.944262
 4.995861
 4.987709
 5.028650
 3.989422
 3.954293
 3.920731
 3.906510
 3.900282
 3.889555
 3.879158
 3.894336
 3.897633
 3.887166
 3.895866
 3.879480
 3.883944
 3.902062
 3.929925
 3.960496
 3.957880
 3.953889
 3.961138
 3.981233
 4.003096
 4.030273
 4.036906
 4.037903
 3.986359
 3.983439
 3.994529
 3.996089
 4.000451
 4.002344
 4.004295
 3.535111
 3.539137
 2.959128
 2.937075
 1.874586
 1.781727
 1.431481
 1.428570
 1.211472
 1.160916
 0.818635
 0.557664
 0.532070
 0.528808
 0.517326
 0.528293
 0.527800
 0.522674
 0.518203
 0.483865
 0.486966
 0.480353
 0.486674
 0.491313
 0.491299
 0.489524
 0.459533
 0.422917
 0.390274
 0.393635
 0.396691
 0.378526
 0.377955
 0.386328
 0.383662
 0.390803
 0.393137
 0.392357
 0.404459
 0.403973
 0.410645
 0.386369
 0.391305
 0.392669
 0.385523
 0.387758
 0.323901
 0.308751
 0.305519
 0.299748
 0.299748
 0.277076
 0.281281
 0.284801
 0.283036
 0.272881
 0.270769
 0.273737
 0.234614
 0.234289
 0.228935
 0.201062
 0.193829
 0.197901
 0.183498
 0.177110
 0.171789
 0.173953
 0.171451
 0.175318
 0.181780
 0.169155
 0.168173
 0.167294
 0.165537
 0.166928
 0.166508
 0.154357
 0.170297
 0.162896
 0.162544
 0.163032
 0.161241
 0.167695
 0.168012
 0.171508
 0.161070
 0.165016
 0.168712
 0.168166
 0.154034
 0.145066
 0.143144
 0.147363
 0.137689
 0.140375
 0.140690
 0.142057
 0.142111
 0.143642
 0.143693
 0.142536
 0.140157
 0.136774
 0.127447
 0.116961
 0.116525
 0.116979
 0.117470
 0.124532
 0.119977
 0.105184
 0.107802
 0.099793
 0.102878
 0.099675
 0.100676
 0.098632
 0.095360
 0.082000
 0.074150
 0.070559
 0.075754
 0.074928
 0.073709
 0.065750
 0.063837
 0.065735
 0.057850
 0.051556
 0.047963
 0.050986
 0.051025
 0.049297
 0.049254
 0.050037
 0.051948
 0.052135
 0.048941
 0.047438
 0.048923
 0.047331
 0.050805
 0.054617
 0.055311
 0.056629
 0.056842
 0.057553
 0.058016
 0.058371
 0.057684
 0.056840
 0.054473
 0.053626
 0.053902
 0.053692
 0.053419
 0.050254
 0.050332
 0.048550
 0.048678
 0.048526
 0.047703
 0.045703
 0.045582
 0.045620
 0.046022
 0.046907
 0.047105
 0.047297
 0.047645
 0.047520
 0.047881
 0.040611
 0.039572
 0.039595
 0.040730
 0.041009
 0.041309
 0.042838
 0.042963
 0.042152
 0.041725
 0.042350
 0.042385
 0.041582
 0.041908
 0.041856
 0.042288
 0.041033
 0.040781
 0.041829
 0.041513
 0.041001
 0.040932
 0.040931
 0.037827
 0.037961
 0.038567
 0.038309
 0.038521
 0.036928
 0.032622
 0.032205
 0.032827
 0.032649
 0.023230
 0.021625
 0.019888
 0.019460
 0.018520
 0.018135
 0.018392
 0.018249
 0.018009
 0.017705
 0.017259
 0.016629
 0.017536
 0.016611
 0.015965
 0.015737
 0.015298
 0.015852
 0.016299
 0.015459
 0.015976
 0.015699
 0.015408
 0.015434
 0.015384
 0.015342
 0.015493
 0.016317
 0.016679
 0.016789
 0.016722
 0.016270
 0.016588
 0.015830
 0.015002
 0.013958
 0.013795
 0.013967
 0.013155
 0.013109
 0.011065
 0.011337
 0.010200
 0.009680
 0.009307
 0.009536
 0.009398
 0.009288
 0.009250
 0.008383
 0.008830
 0.008705
 0.007873
 0.007846
 0.007810
 0.007861
 0.007752
 0.007728
 0.007938
 0.008468
 0.008437
 0.008086
 0.007875
 0.007812
 0.008004
 0.007883
 0.007971
 0.007895
 0.007949
 0.008222
 0.008197
 0.008213
 0.008336
 0.008358
 0.008208
 0.008336
 0.008154
 0.007701
 0.007904
 0.007409
 0.007353
 0.007704
 0.008033
 0.008272
 0.008293
 0.007814
 0.007842
 0.007916
 0.007733
 0.007770
 0.007662
 0.007581
 0.007754
 0.007803
 0.008306
 0.008359
 0.008512
 0.008572
 0.008747
 0.008802
 0.008768
 0.008815
 0.008437
 0.008346
 0.008193
 0.008119
 0.008254
 0.008101
 0.008163
 0.007394
 0.007096
 0.007070
 0.006121
 0.005597
 0.005550
 0.005525
 0.005301
 0.004789
 0.004864
 0.004776
 0.004869
 0.004870
 0.004753
 0.004700
 0.004683
 0.004744
 0.004788
 0.004866
 0.004934
 0.004900
 0.004914
 0.005092
 0.005166
 0.005167
 0.004139
 0.004137
 0.004131
 0.004029
 0.003859
 0.003826
 0.003680
 0.003657
 0.003633
 0.003467
 0.003484
 0.003580
 0.003461
 0.003425
 0.003449
 0.003471
 0.003475
 0.003362
 0.003388
 0.003279
 0.003228
 0.003088
 0.002815
 0.002808
 0.002782
 0.002820
 0.002771
 0.002904
 0.002726
 0.002736
 0.002716
 0.002710
 0.002545
 0.002575
 0.002485
 0.002478
 0.002501
 0.002478
 0.002487
 0.002465
 0.002369
 0.002416
 0.002258
 0.002253
 0.002310
 0.002313
 0.002313
 0.002317
 0.002179
 0.002102
 0.001967
 0.001912
 0.001922
 0.001934
 0.001959
 0.001990
 0.002036
 0.002045
 0.001975
 0.001603
 0.001542
 0.001565
 0.001589
 0.001630
 0.001532
 0.001546
 0.001537
 0.001494
 0.001503
 0.001564
 0.001462
 0.001355
 0.001327
 0.001324
 0.001270
 0.001262
 0.001187
 0.001157
 0.001160
 0.001234
 0.001258
 0.001211
 0.001232
 0.001219
 0.001207
 0.001159
 0.001129
 0.001160
 0.001124
 0.001078
 0.001053
 0.001031
 0.000981
 0.001003
 0.001053
 0.001080
 0.001128
 0.001136
 0.001133
 0.001110
 0.001077
 0.001105
 0.001091
 0.001038
 0.001030
 0.001040
 0.000990
 0.000887
 0.000861
 0.000836
 0.000797
 0.000728
 0.000732
 0.000754
 0.000755
 0.000740
 0.000736
 0.000668
 0.000676
 0.000678
 0.000655
 0.000651
 0.000631
 0.000676
 0.000710
 0.000710
 0.000706
 0.000650
 0.000630
 0.000609
 0.000595
 0.000625
 0.000630
 0.000615
 0.000560
 0.000513
 0.000491
 0.000480
 0.000504
 0.000506
 0.000560
 0.000542
 0.000534
 0.000547
 0.000557
 0.000551
 0.000528
 0.000553
 0.000582
 0.000624
 0.000617
 0.000651
 0.000631
 0.000629
 0.000618
 0.000609
 0.000596
 0.000593
 0.000597
 0.000574
 0.000572
 0.000573
 0.000581
 0.000551
 0.000545
 0.000497
 0.000506
 0.000508
 0.000482
 0.000493
 0.000502
 0.000483
 0.000486
 0.000492
 0.000518
 0.000525
 0.000524
 0.000525
 0.000540
 0.000533
 0.000543
 0.000544
 0.000537
 0.000532
 0.000540
 0.000540
 0.000542
 0.000540
 0.000537
 0.000474
 0.000468
 0.000444
 0.000446
 0.000404
 0.000401
 0.000414
 0.000424
 0.000433
 0.000419
 0.000418
 0.000418
 0.000399
 0.000384
 0.000379
 0.000346
 0.000369
 0.000373
 0.000373
 0.000381
 0.000379
 0.000366
 0.000365
 0.000361
 0.000324
 0.000292
 0.000284
 0.000275
 0.000277
 0.000263
 0.000264
 0.000267
 0.000266
 0.000246
 0.000250
 0.000246
 0.000249
 0.000252
 0.000251
 0.000258
 0.000258
 0.000247
 0.000248
 0.000243
 0.000229
 0.000222
 0.000224
 0.000220
 0.000222
 0.000221
 0.000201
 0.000196
 0.000190
 0.000197
 0.000198
 0.000195
 0.000194
 0.000187
 0.000185
 0.000184
 0.000178
 0.000177
 0.000180
 0.000177
 0.000177
 0.000162
 0.000170
 0.000172
 0.000173
 0.000170
 0.000163
 0.000164
 0.000164
 0.000166
 0.000169
 0.000174
 0.000174
 0.000173
 0.000173
 0.000179
 0.000172
 0.000178
 0.000179
 0.000178
 0.000186
 0.000187
 0.000186
 0.000184
 0.000187
 0.000184
 0.000182
 0.000173
 0.000171
 0.000170
 0.000163
 0.000165
 0.000164
 0.000164
 0.000162
 0.000162
 0.000154
 0.000149
 0.000160
 0.000160
 0.000157
 0.000155
 0.000137
 0.000126
 0.000124
 0.000127
 0.000118
 0.000123
 0.000124
 0.000124
 0.000120
 0.000124
 0.000119
 0.000115
 0.000114
 0.000106
 0.000106
 0.000106
 0.000098
 0.000096
 0.000096
 0.000093
 0.000091
 0.000083
 0.000082
 0.000078
 0.000085
 0.000086
 0.000090
 0.000088
 0.000089
 0.000089
 0.000088
 0.000081
 0.000079
 0.000078
 0.000077
 0.000077
 0.000076
 0.000076
 0.000080
 0.000080
 0.000080
 0.000081
 0.000082
 0.000082
 0.000086
 0.000085
 0.000084
 0.000083
 0.000084
 0.000082
 0.000082
 0.000082
 0.000078
 0.000079
 0.000080
 0.000080
 0.000079
 0.000083
 0.000083
 0.000085
 0.000084
 0.000083
 0.000085
 0.000081
 0.000078
 0.000081
 0.000079
 0.000078
 0.000081
 0.000079
 0.000078
 0.000078
 0.000080
 0.000080
 0.000074
 0.000073
 0.000074
 0.000073
 0.000073
 0.000068
 0.000065
 0.000064
 0.000063
 0.000063
 0.000064
 0.000061
 0.000058
 0.000057
 0.000060
 0.000060
 0.000060
 0.000060
 0.000059
 0.000059
 0.000058
 0.000059
 0.000058
 0.000056
 0.000056
 0.000057
 0.000056
 0.000057
 0.000057
 0.000057
 0.000057
 0.000057
 0.000057
 0.000056
 0.000056
 0.000057
 0.000059
 0.000061
 0.000062
 0.000063
 0.000064
 0.000064
 0.000063
 0.000065
 0.000065
 0.000065
 0.000066
 0.000065
 0.000065
 0.000064
 0.000065
 0.000064
 0.000063
 0.000061
 0.000057
 0.000055
 0.000053
 0.000053
 0.000051
 0.000049
 0.000048
 0.000047
 0.000047
 0.000047
 0.000045
 0.000046
 0.000047
 0.000047
 0.000048
 0.000047
 0.000047
 0.000043
 0.000044
 0.000043
 0.000040
 0.000040
 0.000040
 0.000037
 0.000036
 0.000036
 0.000035
 0.000036
 0.000033
 0.000034
 0.000035
 0.000034
 0.000034
 0.000034
 0.000034
 0.000034
 0.000034
 0.000034
 0.000034
 0.000033
 0.000034
 0.000031
 0.000031
 0.000030
 0.000029
 0.000028
 0.000027
 0.000026
 0.000025
 0.000026
 0.000026
 0.000027
 0.000027
 0.000027
 0.000026
 0.000025
 0.000026
 0.000026
 0.000027
 0.000026
 0.000026
 0.000025
 0.000026
 0.000025
 0.000024
 0.000024
 0.000023
 0.000023
 0.000023
 0.000023
 0.000024
 0.000023
 0.000023
 0.000023
 0.000021
 0.000021
 0.000022
 0.000021
 0.000021
 0.000019
 0.000020
 0.000020
 0.000020
 0.000020
 0.000019
 0.000019
 0.000018
 0.000019
 0.000019
 0.000018
 0.000018
 0.000019
 0.000019
 0.000019
 0.000020
 0.000020
 0.000019
 0.000019
 0.000018
 0.000018
 0.000018
 0.000018
 0.000017
 0.000016
 0.000015
 0.000014
 0.000014
 0.000014
 0.000014
 0.000014
 0.000014
 0.000014
 0.000014
 0.000014
 0.000014
 0.000013
 0.000013
 0.000013
 0.000013
 0.000012
 0.000011
 0.000011
 0.000011
 0.000010
 0.000010
 0.000010
 0.000010
 0.000010
 0.000010
 0.000010
 0.000010
 0.000010
 0.000010
 0.000010
 0.000010
 0.000009
 0.000009
 0.000009
 0.000009
 0.000009
 0.000009
 0.000009
 0.000009
 0.000009
 0.000009
 0.000008
 0.000008
 0.000007
 0.000007
 0.000007
 0.000007
 0.000006
 0.000006
 0.000006
 0.000006
 0.000006
 0.000006
 0.000006
 0.000006
 0.000006
 0.000006
 0.000006
 0.000006
 0.000006
 0.000005
 0.000005
 0.000006
 0.000006
 0.000005
 0.000005
 0.000005
 0.000005
 0.000005
 0.000005
 0.000005
 0.000004
 0.000005
 0.000005
 0.000005
 0.000005
 0.000005
 0.000005
 0.000005
 0.000005
 0.000005
 0.000005
 0.000005
 0.000004
 0.000004
 0.000004
 0.000004
 0.000004
 0.000004
 0.000004
 0.000004
 0.000004
 0.000004
 0.000004
 0.000004
 0.000004
 0.000004
 0.000004
 0.000004
 0.000004
 0.000004
 0.000004
 0.000004
 0.000004
 0.000005
 0.000004
 0.000004
 0.000004
 0.000004
 0.000004
 0.000004
 0.000005
 0.000005
 0.000005
 0.000005
 0.000004
 0.000004
 0.000004
 0.000004
 0.000004
 0.000004
 0.000004
 0.000004
 0.000004
 0.000004
 0.000004
 0.000004
 0.000004
 0.000004
 0.000004
 0.000004
 0.000004
 0.000004
 0.000004
 0.000004
 0.000004
 0.000004
 0.000004
 0.000004
 0.000004
 0.000004
 0.000004
 0.000004
 0.000003
 0.000003
 0.000003
 0.000003
 0.000003
 0.000002
 0.000002
 0.000002
 0.000002
 0.000002
 0.000002
 0.000002
 0.000002
 0.000002
 0.000002
 0.000002
 0.000002
 0.000002
 0.000002
 0.000002
 0.000002
 0.000002
 0.000002
 0.000002
 0.000002
 0.000002
 0.000002
 0.000002
 0.000002
 0.000002
 0.000002
 0.000002
 0.000002
 0.000002
 0.000002
 0.000002
 0.000002
 0.000002
 0.000002
 0.000002
 0.000002
 0.000002
 0.000002
 0.000002
 0.000002
 0.000002
 0.000002
 0.000002
 0.000002
 0.000002
 0.000002
 0.000002
 0.000002
 0.000002
 0.000002
 0.000002
 0.000002
 0.000002
 0.000002
 0.000002
 0.000002
 0.000002
 0.000002
 0.000002
 0.000001
 0.000001
 0.000000
 0.000000
 0.000000
 0.000000
 0.000000
 0.000000
 0.000000
 0.000000
 0.000000
 0.000000
 0.000000
 0.000000
 0.000000
 0.000000
 0.000000
 0.000000
 0.000000
 0.000000
 0.000000
 0.000000
 0.000000
 0.000000
 0.000000
 0.000000
 0.000000
 0.000000
 0.000000
 0.000000
 0.000000
 0.000000
 0.000000
 0.000000
 0.000000
 0.000000
 0.000000
 0.000000
 0.000000
 0.000000
 0.000000
 0.000000
 0.000000
 0.000000
 0.000000
 0.000000
 0.000000
 0.000000
 0.000000
 0.000000
 0.000000
 0.000000
 0.000000
 0.000000
 0.000000
 0.000000
 0.000000
 0.000000
 0.000000
 0.000000
 0.000000
 0.000000
 0.000000
 0.000000
 0.000000
 0.000000
 0.000000
 0.000000
 0.000000
 0.000000
 0.000000
 0.000000
 0.000000
 0.000000
 0.000000
 0.000000
 0.000000
 0.000000
 0.000000
 0.000000
 0.000000
 0.000000
 0.000000
 0.000000
 0.000000
 0.000000
 0.000000
 0.000000
 0.000000
 0.000000
 0.000000
 0.000000
 0.000000
 0.000000
 0.000000
 0.000000
 0.000000
 0.000000
 0.000000
 0.000000
 0.000000
 0.000000
 0.000000
 0.000000
 0.000000
 0.000000
 0.000000
 0.000000
 0.000000
 0.000000
 0.000000
 0.000000
 0.000000
 0.000000
 0.000000
 0.000000
 0.000000
 0.000000
 0.000000
 0.000000
 0.000000
 0.000000
 0.000000
 0.000000
 0.000000
 0.000000
 0.000000
 0.000000
 0.000000
 0.000000
 0.000000
 0.000000
 0.000000
 0.000000
 0.000000
 0.000000
 0.000000
 0.000000
 0.000000
 0.000000
 0.000000
 0.000000
 0.000000
 0.000000
 0.000000
 0.000000
 0.000000
 0.000000
 0.000000
 0.000000
 0.000000
 0.000000
 0.000000
 0.000000
 0.000000
 0.000000
 0.000000
 0.000000
 0.000000
 0.000000
 0.000000
 0.000000
 0.000000
 0.000000
 0.000000
 0.000000
 0.000000
 0.000000
 0.000000
 0.000000
 0.000000
 0.000000
 0.000000
 0.000000
 0.000000
 0.000000
 0.000000
 0.000000
 0.000000
 0.000000
 0.000000
 0.000000
 0.000000
 0.000000
 0.000000
 0.000000
 0.000000
 0.000000
 0.000000
 0.000000
 0.000000
 0.000000
 0.000000
 0.000000
 0.000000
 0.000000
 0.000000
 0.000000
 0.000000
 0.000000
 0.000000
 0.000000
 0.000000
 0.000000
 0.000000
 0.000000
 0.000000
 0.000000
 0.000000
 0.000000
 0.000000
 0.000000
 0.000000
 0.000000
 0.000000
 0.000000
 0.000000
 0.000000
 0.000000
 0.000000
 0.000000
 0.000000
 0.000000
 0.000000
 0.000000
 0.000000
 0.000000
 0.000000
 0.000000
 0.000000
 0.000000
 0.000000
 0.000000
 0.000000
 0.000000
 0.000000
 0.000000
 0.000000
 0.000000
 0.000000
 0.000000
 0.000000
 0.000000
 0.000000
 0.000000
 0.000000
 0.000000
 0.000000
 0.000000
 0.000000
 0.000000
 0.000000
 0.000000
 0.000000
 0.000000
 0.000000
 0.000000
 0.000000
 0.000000
 0.000000
 0.000000
 0.000000
 0.000000
 0.000000
 0.000000
 0.000000
 0.000000
 0.000000
 0.000000
 0.000000
 0.000000
 0.000000
 0.000000
 0.000000
 0.000000
 0.000000
 0.000000
 0.000000
 0.000000
 0.000000
 0.000000
 0.000000
 0.000000
 0.000000
 0.000000
 0.000000
 0.000000
 0.000000
 0.000000
 0.000000
 0.000000
 0.000000
 0.000000
 0.000000
 0.000000
 0.000000
 0.000000
 0.000000
 0.000000
 0.000000
 0.000000
 0.000000
 0.000000
 0.000000
 0.000000
 0.000000
 0.000000
 0.000000
 0.000000
 0.000000
 0.000000
 0.000000
 0.000000
 0.000000
 0.000000
 0.000000
 0.000000
 0.000000
 0.000000
 0.000000
 0.000000
 0.000000
 0.000000
 0.000000
 0.000000
 0.000000
 0.000000
 0.000000
 0.000000
 0.000000
 0.000000
 0.000000
 0.000000
 0.000000
 0.000000
 0.000000
 0.000000
 0.000000
 0.000000
 0.000000
 0.000000
 0.000000
 0.000000
 0.000000
 0.000000
 0.000000
 0.000000
 0.000000
 0.000000
 0.000000
 0.000000
 0.000000
 0.000000
 0.000000
 0.000000
 0.000000
 0.000000
 0.000000
 0.000000
 0.000000
 0.000000
 0.000000
 0.000000
 0.000000
 0.000000
 0.000000
 0.000000
 0.000000
 0.000000
 0.000000
 0.000000
 0.000000
 0.000000
 0.000000
 0.000000
 0.000000
 0.000000
 0.000000
 0.000000
 0.000000
 0.000000
 0.000000
 0.000000
 0.000000
 0.000000
 0.000000
 0.000000
 0.000000
 0.000000
 0.000000
 0.000000
 0.000000
 0.000000
 0.000000
 0.000000
 0.000000
 0.000000
 0.000000
 0.000000
 0.000000
 0.000000
 0.000000
 0.000000
 0.000000
 0.000000
 0.000000
 0.000000
 0.000000
 0.000000
 0.000000
 0.000000
 0.000000
 0.000000
 0.000000
 0.000000
 0.000000
 0.000000
 0.000000
 0.000000
 0.000000
 0.000000
 0.000000
 0.000000
 0.000000
 0.000000
 0.000000
 0.000000
 0.000000
 0.000000
 0.000000
 0.000000
 0.000000
 0.000000
 0.000000
 0.000000
 0.000000
 0.000000
 0.000000
 0.000000
 0.000000
 0.000000
 0.000000
 0.000000
 0.000000
 0.000000
 0.000000
 0.000000
 0.000000
 0.000000
 0.000000
 0.000000
 0.000000
 0.000000
 0.000000
 0.000000
 0.000000
 0.000000
 0.000000
 0.000000
 0.000000
 0.000000
 0.000000
 0.000000
 0.000000
 0.000000
 0.000000
 0.000000
 0.000000
 0.000000
 0.000000
 0.000000
 0.000000
 0.000000
 0.000000
 0.000000
 0.000000
 0.000000
 0.000000
 0.000000
 0.000000
 0.000000
 0.000000
 0.000000
 0.000000
 0.000000
 0.000000
 0.000000
 0.000000
 0.000000
 0.000000
 0.000000
 0.000000
 0.000000
 0.000000
 0.000000
 0.000000
 0.000000
 0.000000
 0.000000
 0.000000
 0.000000
 0.000000
 0.000000
 0.000000
 0.000000
 0.000000
 0.000000
 0.000000
 0.000000
 0.000000
 0.000000
 0.000000
 0.000000
 0.000000
 0.000000
 0.000000
 0.000000
 0.000000
 0.000000
 0.000000
 0.000000
 0.000000
 0.000000
 0.000000
 0.000000
 0.000000
 0.000000
 0.000000
 0.000000
 0.000000
 0.000000
 0.000000
 0.000000
 0.000000
 0.000000
 0.000000
 0.000000
 0.000000
 0.000000
 0.000000
 0.000000
 0.000000
 0.000000
 0.000000
 0.000000
 0.000000
 0.000000
 0.000000
 0.000000
 0.000000
 0.000000
 0.000000
 0.000000
 0.000000
 0.000000
 0.000000
 0.000000
 0.000000
 0.000000
 0.000000
 0.000000
 0.000000
 0.000000
 0.000000
 0.000000
 0.000000
 0.000000
 0.000000
 0.000000
 0.000000
 0.000000
 0.000000
 0.000000
 0.000000
 0.000000
 0.000000
 0.000000
 0.000000
 0.000000
 0.000000
 0.000000
 0.000000
 0.000000
 0.000000
 0.000000
 0.000000
 0.000000
 0.000000
 0.000000
 0.000000
 0.000000
 0.000000
 0.000000
 0.000000
 0.000000
 0.000000
 0.000000
 0.000000
 0.000000
 0.000000
 0.000000
 0.000000
 0.000000
 0.000000
 0.000000
 0.000000
 0.000000
 0.000000
 0.000000
 0.000000
 0.000000
 0.000000
 0.000000
 0.000000
 0.000000
 0.000000
 0.000000
 0.000000
 0.000000
 0.000000
 0.000000
 0.000000
 0.000000
 0.000000
 0.000000
 0.000000
 0.000000
 0.000000
 0.000000
 0.000000
 0.000000
 0.000000
 0.000000
 0.000000
 0.000000
 0.000000
 0.000000
 0.000000
 0.000000
 0.000000
 0.000000
 0.000000
 0.000000
 0.000000
 0.000000
 0.000000
 0.000000
 0.000000
 0.000000
 0.000000
 0.000000
 0.000000
 0.000000
 0.000000
 0.000000
 0.000000
 0.000000
 0.000000
 0.000000
 0.000000
 0.000000
 0.000000
 0.000000
 0.000000
 0.000000
 0.000000
 0.000000
 0.000000
 0.000000
 0.000000
 0.000000
 0.000000
 0.000000
 0.000000
 0.000000
 0.000000
 0.000000
 0.000000
 0.000000
 0.000000
 0.000000
 0.000000
 0.000000
 0.000000
 0.000000
 0.000000
 0.000000
 0.000000
 0.000000
 0.000000
 0.000000
 0.000000
 0.000000
 0.000000
 442
 5.328442
 46579
 000000
   0.000000
 0.000000
 0.000000
 0.000000
 0.000000
 0.000000
 0.000000
 0.000000
 0.000000
 0.000000
 0.000000
 