shade_wo_archive, std
494.831700
 434.026678
 418.476203
 457.702003
 434.316572
 392.967344
 391.441143
 369.473947
 361.879759
 358.246596
 368.470958
 350.018357
 349.033887
 347.156154
 349.213594
 347.792992
 345.446127
 363.251769
 356.041319
 344.766155
 361.264248
 367.340708
 373.058927
 373.671636
 368.746164
 363.179675
 363.179675
 363.555861
 362.075522
 364.890059
 358.487770
 346.630415
 346.630415
 347.400312
 344.888288
 340.270781
 341.280604
 340.494308
 330.866311
 330.866311
 330.466180
 331.152341
 331.165240
 331.169479
 325.295317
 325.295317
 306.352549
 309.189973
 309.189973
 309.189973
 303.410849
 303.410849
 303.410849
 303.410849
 302.875267
 301.723710
 301.747413
 323.937991
 315.627252
 324.723173
 324.723173
 325.878917
 325.878917
 320.857581
 327.968974
 321.855845
 321.261482
 316.708685
 316.743446
 316.743446
 315.384883
 319.582022
 319.693265
 319.693265
 319.693265
 309.309614
 309.309614
 307.062462
 307.368847
 307.368847
 306.967430
 306.774795
 297.858942
 297.206640
 297.206640
 296.230168
 296.230168
 303.961185
 303.961185
 305.101226
 304.454439
 295.479469
 301.535885
 297.212113
 297.212113
 299.605994
 293.859667
 293.859667
 293.859667
 293.859667
 292.672458
 295.148048
 295.877911
 293.076868
 293.076868
 293.076868
 293.076868
 293.076868
 293.076868
 293.076868
 293.076868
 292.643759
 292.643759
 292.643759
 292.643759
 292.374285
 289.826894
 289.709009
 289.709009
 289.707284
 289.707284
 289.707284
 289.707284
 287.529602
 287.529602
 287.627397
 287.627397
 287.627397
 275.018578
 284.900829
 284.255289
 284.255289
 283.174576
 283.174576
 283.174056
 283.174056
 283.135006
 283.135006
 283.135006
 283.135006
 283.135006
 283.128419
 282.013653
 282.013653
 282.013653
 282.013653
 281.089110
 281.089110
 281.089110
 281.089110
 280.150830
 284.009120
 284.009120
 284.009120
 284.009120
 284.009120
 285.838767
 285.838767
 287.460396
 287.460396
 299.703786
 301.542393
 300.482334
 300.482334
 300.482334
 300.482334
 300.482334
 300.353348
 300.916544
 303.664088
 303.664088
 303.664088
 303.664088
 310.108869
 306.122904
 306.122904
 306.160758
 310.098816
 321.871428
 321.871181
 317.593751
 317.047773
 317.047773
 317.047773
 317.154769
 317.154769
 315.686902
 315.686902
 321.107391
 323.150059
 323.150059
 322.625845
 322.758077
 322.758077
 322.758077
 321.028650
 321.028650
 321.028650
 321.028650
 318.913371
 316.791537
 316.791537
 318.580110
 318.240860
 317.998038
 317.998038
 317.998038
 317.998038
 318.313007
 318.313007
 318.313007
 318.313007
 318.720321
 318.720321
 318.720321
 316.300543
 316.300543
 316.300543
 316.300543
 316.350030
 337.875936
 337.875936
 336.703272
 336.703272
 336.700622
 336.700622
 336.301721
 335.250327
 335.250327
 330.962628
 330.962628
 327.967380
 327.967380
 329.026808
 327.353934
 327.128431
 327.383319
 327.383319
 327.357411
 327.357411
 331.389320
 329.909060
 329.939657
 329.939657
 331.411381
 334.191310
 338.877038
 336.350409
 337.274664
 343.072741
 342.509339
 342.225784
 342.229748
 342.229748
 342.229748
 342.299014
 341.866085
 334.804771
 334.804771
 333.911359
 333.911359
 333.887459
 334.202345
 338.031294
 338.976266
 338.566920
 338.674485
 338.674485
 334.410685
 334.410685
 332.410108
 332.498790
 341.898614
 341.819254
 353.100024
 353.091879
 353.216679
 353.216679
 353.216679
 353.216679
 352.732587
 349.220582
 349.220582
 351.471725
 351.384388
 351.362562
 351.402510
 348.713603
 351.538079
 351.607354
 350.221625
 350.688462
 351.612963
 353.587312
 353.044962
 352.534695
 352.545438
 351.296069
 353.732293
 353.732293
 352.528800
 352.528800
 350.640241
 350.618752
 352.731432
 351.015813
 362.369325
 362.045759
 368.062955
 366.588569
 368.595489
 365.525415
 365.620849
 365.174026
 365.174026
 365.174026
 365.174026
 368.141055
 366.725406
 366.725406
 368.757264
 368.857535
 369.413127
 368.010284
 363.192234
 364.122310
 375.027699
 371.113414
 374.120448
 371.392878
 371.392878
 372.744361
 368.839080
 368.839080
 368.689309
 366.706299
 366.899577
 370.719758
 374.778114
 374.778114
 374.778114
 383.320933
 383.373128
 383.892978
 395.670012
 395.341002
 395.292670
 395.249166
 395.249166
 395.267841
 396.236023
 395.891821
 393.826657
 393.925557
 393.741316
 392.480714
 392.446879
 395.027327
 389.511995
 389.395503
 389.395503
 388.805899
 388.499606
 391.009926
 391.009926
 392.048359
 392.048359
 392.048359
 392.048359
 390.931791
 390.966236
 390.880323
 390.880323
 391.683594
 389.425716
 389.425716
 389.938247
 389.493356
 390.406203
 390.436247
 391.149810
 390.949363
 391.016515
 390.957812
 393.093343
 393.696671
 394.389532
 394.396666
 393.433916
 393.433916
 390.703026
 390.703026
 390.867871
 390.855386
 390.863767
 389.801665
 390.693600
 390.511620
 391.182713
 388.133672
 389.572188
 391.047304
 391.960902
 391.685893
 391.829933
 389.805907
 389.806716
 389.850319
 383.335728
 383.280681
 383.284271
 382.877529
 383.237840
 383.237840
 382.959103
 386.874790
 386.377399
 386.377399
 386.174158
 386.174158
 387.118584
 387.118584
 385.505808
 392.781068
 394.295249
 395.548262
 395.548262
 395.549543
 394.423711
 394.599232
 395.640613
 395.640613
 397.929182
 398.387557
 395.217169
 397.671600
 397.713257
 397.837839
 398.822596
 400.073551
 399.989426
 400.528969
 401.962254
 402.324492
 402.324492
 402.324492
 402.343706
 401.331824
 400.546385
 400.546385
 399.950125
 399.966706
 398.116690
 398.460134
 398.309655
 398.309655
 396.244638
 396.244638
 396.821742
 397.445570
 399.593420
 399.482751
 399.336174
 399.334046
 399.347658
 400.127272
 400.100990
 400.087384
 400.823663
 400.663206
 400.892003
 400.892003
 400.421081
 400.285390
 400.322757
 399.228626
 399.372787
 399.700891
 399.605692
 399.256587
 399.137141
 400.388572
 400.601954
 400.772859
 400.807791
 402.205523
 401.875530
 401.893530
 401.780550
 401.543031
 405.317557
 405.163728
 404.668765
 404.347622
 404.900740
 404.890012
 404.931663
 405.120995
 405.729472
 405.585714
 405.466727
 405.898069
 410.058119
 406.344875
 407.584188
 405.783626
 410.366904
 410.119952
 410.289881
 409.794828
 409.821862
 409.829208
 409.829208
 410.369372
 410.515562
 410.515562
 410.606794
 413.660999
 413.604312
 413.673476
 415.246400
 414.437822
 414.005129
 413.338987
 409.921550
 409.997832
 410.388129
 409.953578
 410.280320
 409.104002
 409.576797
 409.390574
 409.933051
 410.092767
 410.078618
 410.078618
 410.057920
 410.057920
 409.606007
 409.986139
 409.623556
 409.623556
 409.623602
 409.623602
 411.425326
 409.644635
 409.279202
 410.061939
 410.183561
 410.959181
 410.959181
 410.806100
 410.782249
 410.449050
 410.094019
 410.155257
 410.728955
 411.112465
 410.754241
 410.752886
 411.931274
 411.661320
 411.730551
 411.774539
 411.974176
 412.764659
 413.635264
 413.371004
 412.836981
 412.749095
 412.883707
 412.883707
 412.717055
 412.839920
 412.912489
 412.912489
 412.700124
 412.427955
 411.356018
 411.363872
 409.506018
 409.522408
 409.039588
 410.050589
 409.897896
 409.906721
 409.862902
 409.839700
 407.304141
 407.431581
 407.411036
 407.411036
 407.372568
 407.394359
 407.324437
 408.016029
 407.813780
 407.901184
 408.259976
 408.038719
 407.635063
 407.375882
 402.509548
 402.623793
 399.462429
 399.556650
 399.644611
 399.615714
 399.300615
 397.951474
 402.251953
 402.251953
 402.246952
 402.246952
 402.289326
 402.341334
 402.147512
 401.160039
 401.160039
 401.710550
 401.435419
 401.369327
 401.486927
 401.373464
 401.403911
 401.403911
 401.648022
 401.648022
 402.036511
 403.220823
 403.220823
 403.384256
 402.855602
 402.855602
 402.763548
 401.594721
 401.462663
 401.479254
 402.199611
 402.199611
 403.494291
 404.603392
 404.109820
 404.856329
 404.865888
 404.865888
 404.119353
 404.119353
 401.717158
 401.567609
 401.567609
 402.378098
 402.378098
 402.378098
 402.378098
 402.398904
 404.760731
 404.741102
 404.614069
 404.171175
 404.150799
 404.189040
 404.469997
 405.630781
 405.676601
 405.509789
 405.911215
 405.485730
 407.052055
 406.594799
 406.594799
 406.772179
 406.778409
 407.382266
 407.626738
 407.210452
 406.886535
 406.807292
 406.302678
 406.302678
 406.663971
 406.590755
 406.543112
 406.358862
 406.358862
 406.390039
 406.390039
 406.378792
 406.378792
 406.378792
 406.935300
 406.861004
 406.878564
 406.878564
 401.496454
 400.681595
 399.265757
 399.133667
 398.458612
 398.479595
 398.567270
 399.028209
 399.062941
 397.621461
 397.656337
 397.960064
 397.958426
 397.984891
 398.213942
 398.135592
 398.150778
 398.150778
 397.628338
 397.638388
 397.638388
 397.650607
 397.397636
 396.537274
 396.498565
 396.514647
 396.466353
 396.516821
 396.523681
 396.828632
 396.828632
 396.884787
 396.884787
 396.877410
 396.880017
 397.098676
 397.033769
 397.135825
 397.103923
 397.009231
 396.962198
 398.422056
 398.568440
 398.226519
 398.063722
 398.411902
 398.411902
 397.349395
 399.645829
 399.498066
 399.614367
 399.606367
 399.441481
 399.441481
 399.367451
 399.710883
 399.620024
 399.679319
 399.679319
 399.680426
 399.390423
 399.339851
 399.302215
 399.302215
 399.319404
 399.310159
 399.601735
 403.806518
 406.768275
 406.672679
 406.587981
 406.620441
 406.271092
 406.271092
 406.110781
 404.693294
 404.208208
 403.732690
 403.717984
 403.760017
 403.918445
 404.116779
 404.055504
 403.642615
 403.030095
 403.028775
 402.985960
 402.985960
 402.965447
 402.960770
 402.832946
 402.837143
 403.482413
 403.394832
 403.394832
 403.544180
 403.382711
 403.041034
 401.212618
 401.212618
 401.081663
 401.081663
 401.495632
 401.485170
 401.485170
 401.460919
 401.956055
 401.956055
 401.956055
 401.956055
 401.959488
 400.790990
 401.116684
 401.116684
 401.090502
 401.063368
 401.040548
 401.058288
 401.058288
 400.536786
 400.508459
 400.271101
 400.047309
 400.171742
 400.203391
 400.203391
 400.185009
 400.190323
 399.256320
 399.256775
 399.256775
 397.670063
 396.751235
 396.766037
 396.578728
 396.641415
 396.645089
 396.645089
 396.635967
 394.851972
 392.904359
 392.881698
 392.917809
 392.890804
 392.827101
 392.827101
 392.841162
 392.564988
 392.541799
 392.360788
 392.359607
 392.295963
 392.295963
 391.664792
 391.700870
 391.819799
 391.581032
 391.799063
 391.803747
 391.830503
 391.232776
 391.287470
 391.281569
 391.376967
 391.376967
 391.374844
 391.378097
 391.329763
 391.381980
 391.627442
 391.537472
 391.375935
 391.311652
 391.525104
 391.525104
 391.519153
 391.577616
 392.306322
 392.393779
 392.486187
 392.486187
 392.486187
 392.468489
 392.468489
 392.468309
 392.519005
 391.966091
 391.966940
 391.966940
 391.967273
 391.973071
 392.076598
 392.084748
 392.056094
 392.044810
 391.878803
 392.213113
 392.213113
 392.159563
 392.159563
 392.159563
 392.025096
 391.870377
 391.855590
 391.617786
 391.639687
 391.609423
 391.709637
 391.703133
 391.629046
 391.195336
 391.326904
 391.354433
 391.354433
 391.354433
 391.354433
 391.329511
 391.165539
 390.639429
 390.757591
 390.697950
 392.331723
 392.141080
 392.141080
 392.141080
 392.393435
 392.392524
 392.448140
 392.147273
 392.120413
 392.119442
 392.003285
 391.945612
 391.720277
 391.720277
 391.720277
 391.583079
 391.683169
 391.683169
 391.667868
 391.675286
 391.675286
 391.701122
 391.758803
 391.760077
 391.760077
 392.246544
 392.246544
 392.281004
 392.281004
 392.275855
 392.275855
 392.397589
 392.149183
 391.811782
 391.815972
 391.815972
 391.883700
 391.942907
 391.942907
 390.776231
 390.738815
 390.738815
 390.737840
 390.737840
 390.737840
 390.737840
 390.738502
 390.961347
 390.961347
 391.085653
 391.102607
 391.102607
 390.990285
 391.055727
 391.116647
 391.016973
 391.016973
 391.016973
 390.895165
 390.895165
 390.894684
 390.874849
 390.875705
 390.976895
 390.921493
 390.921493
 391.079429
 391.085832
 389.621290
 389.598069
 389.307783
 389.304325
 389.304483
 389.211901
 389.211901
 389.211901
 389.197077
 389.039293
 388.577699
 388.563741
 388.434213
 388.426834
 388.487174
 388.487174
 388.489808
 388.489808
 388.465964
 388.454173
 388.454173
 388.454173
 388.456448
 388.538379
 388.507826
 388.507826
 388.507826
 388.507826
 388.697454
 388.718404
 388.717182
 388.710198
 388.882265
 388.882265
 388.899051
 388.871357
 388.882985
 388.884984
 388.910692
 388.910706
 388.910706
 388.920059
 388.977889
 387.814345
 388.080123
 388.080123
 388.080123
 388.193180
 387.548678
 387.600102
 387.600101
 387.549253
 387.549253
 387.263519
 387.228814
 387.228814
 386.567340
 386.567340
 386.567340
 386.567340
 386.566922
 386.494151
 386.494151
 386.494141
 386.488548
 386.488548
 386.488548
 386.485732
 386.478948
 386.478948
 386.478887
 386.476365
 386.476365
 386.436362
 387.255127
 387.103926
 387.103926
 387.064381
 387.064634
 387.166481
 387.169852
 387.179261
 387.179261
 387.192406
 387.217926
 386.976918
 386.907435
 386.907435
 386.907435
 386.880043
 386.880043
 386.879231
 386.879231
 386.885636
 386.885636
 386.791463
 387.105499
 387.105499
 387.105499
 387.092312
 386.757054
 386.756425
 386.756425
 386.741735
 386.961696
 386.888380
 386.888380
 386.624878
 386.772071
 386.653090
 386.653090
 386.653090
 386.785141
 386.789406
 386.257022
 386.257022
 385.126979
 385.143901
 385.156187
 384.888513
 385.051896
 385.159723
 385.159723
 385.373410
 385.387551
 385.398569
 385.070118
 385.070118
 385.066972
 385.066972
 385.082024
 385.076082
 385.076082
 385.076082
 385.078943
 384.999655
 386.101171
 386.297992
 386.297988
 386.414277
 386.428933
 386.393536
 386.393536
 386.393898
 386.436588
 386.436588
 386.302886
 386.302886
 386.344342
 386.340009
 386.340009
 386.351559
 386.555509
 386.672882
 386.672882
 386.672882
 386.674206
 386.674206
 386.674206
 386.674206
 386.703758
 386.702809
 386.662534
 386.652646
 386.652646
 386.652646
 386.652646
 386.652646
 386.720239
 386.660574
 386.810424
 386.810424
 386.810943
 386.810943
 386.937993
 386.993924
 387.036355
 387.036355
 387.034730
 387.034730
 387.024912
 387.024912
 386.785148
 386.785148
 386.983521
 386.983521
 386.983521
 387.051804
 387.051804
 387.051804
 387.204095
 387.158974
 387.500713
 387.519579
 387.619136
 387.618993
 387.619307
 387.637079
 387.637079
 387.637079
 387.787787
 387.787787
 387.769292
 387.773595
 387.773595
 387.773595
 387.751741
 387.751741
 387.934071
 387.937323
 388.799353
 388.802172
 388.747446
 388.747446
 388.748719
 388.738322
 388.738322
 389.097702
 389.097791
 389.098241
 389.263730
 389.263730
 389.263730
 389.263730
 389.263730
 389.232799
 390.107421
 390.107421
 390.106210
 390.090836
 390.024286
 390.024286
 390.025385
 390.025385
 390.264372
 390.242799
 390.139183
 390.139183
 390.139183
 390.139183
 389.669169
 389.606773
 385.555647
 384.863642
 384.863642
 384.976045
 384.852247
 384.828755
 384.828755
 384.828755
 384.828755
 384.828755
 383.424779
 383.419990
 383.419990
 383.435408
 383.435408
 383.435408
 383.982889
 383.982889
 383.982889
 383.982889
 383.899748
 384.148997
 384.148997
 384.510240
 384.510240
 384.510240
 384.541355
 384.541355
 384.541355
 384.541355
 384.541332
 384.634753
 384.666411
 384.666411
 384.666411
 384.666411
 384.512301
 384.561390
 384.561390
 384.563572
 384.563572
 384.596966
 384.592154
 384.592154
 384.592154
 384.509283
 384.463474
 382.105538
 382.105538
 382.078151
 382.078151
 382.084847
 382.093825
 382.091181
 382.056033
 382.056028
 382.055137
 382.055137
 382.057657
 382.057657
 382.020926
 381.927914
 381.927914
 381.916914
 378.648487
 378.648487
 378.577744
 378.578907
 378.538467
 378.538465
 378.538465
 378.742171
 378.742171
 379.936544
 379.412997
 379.412997
 379.513261
 379.513261
 379.190811
 379.190811
 379.190811
 379.190811
 379.192103
 379.192103
 379.192103
 379.192103
 379.218481
 379.218479
 379.214609
 379.216124
 379.216124
 379.221253
 379.196921
 379.194655
 379.128511
 379.129095
 379.127054
 379.161601
 379.161601
 379.169415
 379.119317
 379.253330
 379.152448
 379.136664
 379.136664
 379.137422
 379.177872
 379.177854
 379.165906
 379.165906
 379.165906
 379.108852
 379.120631
 379.120431
 379.120431
 379.129821
 379.129842
 379.135106
 378.907848
 378.907848
 378.885232
 378.885232
 378.824809
 378.517193
 378.492085
 378.470671
 378.470671
 378.473886
 378.457616
 378.456765
 378.445052
 378.445052
 378.445052
 378.417674
 378.520868
 378.521579
 379.021164
 379.021164
 379.024535
 379.007392
 378.995676
 378.995676
 379.036463
 379.036463
 379.003624
 379.011745
 379.011745
 379.095922
 379.101532
 379.101532
 378.698425
 378.693077
 378.693077
 378.693072
 378.690623
 378.690623
 378.690623
 378.689916
 378.689916
 378.689941
 378.689939
 378.689939
 378.689939
 378.689939
 378.689939
 378.689939
 378.694714
 378.766787
 378.766787
 379.400272
 379.046591
 379.046591
 379.046591
 379.075109
 379.068331
 379.068331
 379.071667
 379.062324
 379.062324
 379.354043
 379.354181
 379.330083
 379.330083
 379.330083
 379.387902
 379.468990
 379.468990
 379.484883
 379.502176
 379.502176
 379.502176
 379.507635
 380.280926
 380.280928
 380.280928
 380.280928
 380.272451
 380.270866
 380.270866
 380.270866
 379.976259
 379.973423
 379.973423
 379.971980
 379.977118
 379.977117
 379.977117
 380.010254
 380.010254
 380.705589
 380.277253
 380.277253
 380.279765
 380.279765
 380.269335
 380.271934
 380.269908
 380.269908
 380.323355
 380.323355
 380.323355
 380.323355
 380.329622
 380.329622
 380.329622
 380.329622
 380.075444
 380.113885
 380.176398
 380.176398
 380.176398
 380.176398
 380.176398
 380.487084
 380.484378
 380.484378
 380.484378
 380.577658
 380.617475
 380.617475
 380.617475
 380.617475
 380.626523
 380.626523
 380.574497
 380.589745
 380.589745
 380.573742
 380.572771
 380.447936
 380.447936
 380.476077
 380.515298
 380.515298
 380.490846
 380.470981
 380.470981
 380.463597
 380.463597
 380.867410
 380.811706
 380.811706
 381.061088
 381.061084
 381.061057
 381.140720
 381.140720
 381.138262
 381.199599
 381.199599
 381.196820
 382.149914
 382.130513
 381.878345
 382.314919
 382.495157
 381.921681
 381.902816
 381.935813
 382.650821
 382.647610
 382.647610
 382.647610
 382.674961
 382.909968
 383.493810
 383.490984
 383.416832
 383.416832
 383.422960
 383.480224
 383.458621
 383.419372
 383.419372
 383.414381
 383.403120
 383.403120
 383.398000
 383.386957
 383.422830
 383.422830
 383.423370
 383.423370
 383.403322
 383.403322
 383.403593
 383.399470
 383.345865
 383.466849
 383.466849
 383.084324
 383.084324
 383.519366
 383.468287
 383.467941
 383.455530
 383.455530
 383.451568
 382.134268
 382.134268
 382.066416
 382.066416
 382.066416
 382.332712
 382.332712
 381.020986
 381.020986
 380.987611
 381.000844
 381.000844
 381.000844
 381.569574
 381.572077
 381.572077
 381.560563
 381.580332
 381.580332
 381.580332
 381.610705
 381.709099
 381.709099
 381.709099
 381.709099
 381.730205
 381.730205
 381.777781
 381.777781
 381.852105
 381.853967
 381.864175
 381.864175
 382.017286
 381.943390
 381.943390
 381.943431
 381.945197
 381.968287
 381.968287
 382.153444
 382.126867
 382.582293
 382.582293
 382.538105
 382.538106
 382.538106
 382.510744
 382.510744
 382.477584
 383.454455
 383.418372
 383.418372
 383.418372
 383.418372
 383.418372
 383.400011
 383.433301
 383.453834
 383.453834
 383.453834
 383.445561
 383.448694
 383.447774
 383.447774
 383.072146
 383.001993
 382.940289
 382.949729
 382.836467
 383.038837
 383.038837
 383.049407
 383.238551
 383.237055
 383.187266
 383.918930
 383.277005
 383.275335
 383.275335
 383.275335
 383.688065
 383.688065
 383.688065
 383.688065
 383.688065
 383.688065
 383.688065
 383.715712
 383.694107
 383.695452
 383.695452
 383.643008
 383.646824
 383.646865
 383.646004
 383.641688
 383.641688
 383.650453
 383.645243
 383.938136
 383.938136
 383.938548
 383.940386
 383.939817
 383.939817
 383.939817
 383.939817
 383.876463
 383.876463
 387.089331
 386.128693
 385.980227
 385.995381
 385.791589
 385.632811
 385.637604
 385.637604
 385.637604
 385.637604
 386.854583
 386.854582
 386.854582
 386.850560
 387.608937
 387.604684
 387.604684
 387.597987
 387.597987
 387.650240
 387.650240
 387.650240
 387.688585
 388.011213
 387.970947
 388.457312
 388.457312
 388.456117
 388.456117
 388.456117
 388.456117
 388.492360
 388.449688
 388.445637
 388.170395
 388.168039
 388.168039
 388.062089
 388.062089
 388.062089
 388.059677
 388.038369
 388.038369
 388.033999
 387.990178
 387.990178
 386.998587
 386.993206
 387.366754
 387.366754
 387.366754
 387.366754
 387.366754
 387.366754
 387.366754
 387.366754
 387.366754
 387.366298
 387.366298
 387.366298
 387.366298
 387.368786
 387.368786
 387.384739
 387.464994
 387.554604
 387.554604
 387.554604
 387.346585
 387.346585
 387.346585
 387.342944
 387.342944
 387.342944
 387.496119
 387.496119
 387.424592
 387.418910
 387.409272
 387.772152
 387.747969
 387.747969
 387.747969
 387.747969
 387.747969
 387.753238
 387.753238
 388.276767
 388.276767
 388.276767
 388.118718
 389.484567
 389.484567
 389.460658
 389.460658
 389.460658
 389.538536
 389.538536
 389.536027
 389.535588
 389.535588
 389.535588
 389.535350
 389.531809
 389.533130
 389.520210
 389.520210
 389.520210
 389.520210
 389.520210
 389.702320
 389.702320
 389.766667
 389.766667
 389.766667
 389.879196
 389.879196
 389.879196
 389.937352
 389.937352
 389.990903
 389.990903
 389.990903
 390.891206
 390.902830
 390.879663
 390.765487
 390.752368
 390.831452
 390.831452
 390.828728
 390.834875
 390.898399
 390.881067
 390.881067
 390.888944
 390.888944
 390.888944
 390.888381
 390.888381
 390.857810
 390.857810
 390.835087
 390.835087
 390.835087
 390.835087
 390.846815
 390.878624
 390.878624
 390.873939
 390.874290
 390.874290
 390.874290
 390.874290
 390.867634
 390.867634
 390.897418
 390.893885
 390.893885
 390.893885
 390.893885
 391.635514
 391.635514
 391.635514
 391.647101
 391.647035
 394.866813
 394.866835
 394.866835
 394.863516
 394.866031
 394.916396
 394.898721
 394.905756
 394.918974
 394.904366
 394.904366
 394.904366
 394.880900
 394.886419
 396.097938
 396.131900
 396.131965
 396.131965
 396.405776
 396.012810
 396.010738
 396.003653
 396.003653
 395.993446
 395.999521
 394.441503
 394.441503
 394.441503
 394.441503
 394.441503
 394.443097
 394.443097
 394.443097
 394.459488
 394.459488
 394.459488
 394.473860
 394.473860
 394.459287
 394.461077
 394.510365
 393.411794
 393.411794
 392.584137
 392.584080
 392.578488
 392.396405
 392.396405
 392.396405
 392.396431
 392.396431
 392.396431
 392.396550
 392.404601
 392.455011
 392.455011
 392.455011
 392.466350
 392.466350
 392.466350
 392.466350
 392.466350
 392.466350
 392.466350
 392.466350
 392.450231
 392.450231
 392.450231
 392.450231
 392.454827
 392.454686
 392.454686
 392.450181
 392.449859
 392.449859
 392.449859
 392.449859
 392.449859
 392.449859
 392.465597
 392.465597
 392.465597
 392.465869
 392.465869
 392.465869
 392.465869
 392.477967
 392.477967
 392.477967
 392.477967
 392.477967
 392.508961
 392.508961
 392.508961
 392.532741
 392.540165
 392.524637
 392.524626
 392.524625
 392.524625
 392.514577
 392.627247
 392.627247
 391.415539
 391.514625
 391.510918
 391.510918
 391.510918
 391.510918
 391.544538
 391.548054
 391.548054
 391.545763
 391.610679
 391.610679
 391.610679
 391.610679
 391.236500
 391.232381
 391.232381
 391.208687
 391.208687
 391.202639
 391.191483
 391.174974
 391.174974
 391.174974
 391.174974
 391.171951
 391.013412
 391.013412
 391.013412
 391.013412
 391.121639
 391.121639
 391.121639
 391.109206
 391.117803
 391.116753
 391.116753
 391.122432
 391.122432
 391.122432
 391.122655
 391.122655
 391.122655
 390.877140
 390.884642
 390.662750
 390.662750
 390.677283
 390.678761
 390.678761
 390.664733
 390.664733
 390.565450
 390.699046
 390.699046
 390.440796
 390.440796
 390.440796
 390.833525
 390.833525
 390.833525
 390.824258
 390.824258
 390.824258
 390.824258
 390.824258
 390.824258
 390.824258
 390.824258
 390.824258
 390.824258
 390.824258
 390.456788
 390.490706
 390.490706
 390.457812
 390.457812
 