shade_wo_archive, std
2.442537
 2.186781
 1.961646
 1.809959
 1.699759
 1.614345
 1.466889
 1.434409
 1.509212
 1.466682
 1.506331
 1.550503
 1.483795
 1.451316
 1.409296
 1.395287
 1.575618
 1.618905
 1.613913
 1.611664
 1.638333
 1.638105
 1.648677
 1.648677
 1.584099
 1.585587
 1.592515
 1.562216
 1.576821
 1.638462
 1.632100
 1.617528
 1.578200
 1.564074
 1.542088
 1.533929
 1.531522
 1.551687
 1.557062
 1.538173
 1.526690
 1.509828
 1.473254
 1.464449
 1.464449
 1.465494
 1.461207
 1.461207
 1.459506
 1.433801
 1.410280
 1.421958
 1.424156
 1.394385
 1.386001
 1.386001
 1.397391
 1.397391
 1.448108
 1.447049
 1.446117
 1.355233
 1.324529
 1.324529
 1.329334
 1.329334
 1.296959
 1.377456
 1.352355
 1.335927
 1.338924
 1.305478
 1.282191
 1.259948
 1.259948
 1.233297
 1.231699
 1.258939
 1.232897
 1.232897
 1.218452
 1.218452
 1.212544
 1.212544
 1.222267
 1.221556
 1.221447
 1.216843
 1.216843
 1.207841
 1.207841
 1.216870
 1.218096
 1.216288
 1.204627
 1.204627
 1.204627
 1.204627
 1.186386
 1.196194
 1.196194
 1.196858
 1.196858
 1.210018
 1.205824
 1.205824
 1.205824
 1.205824
 1.249668
 1.248814
 1.250092
 1.299412
 1.347501
 1.346259
 1.303184
 1.291377
 1.291377
 1.311895
 1.303992
 1.316294
 1.305835
 1.304625
 1.316800
 1.316800
 1.262077
 1.252697
 1.252697
 1.255596
 1.247215
 1.247218
 1.246641
 1.301105
 1.301105
 1.301105
 1.301105
 1.301105
 1.335360
 1.335360
 1.304162
 1.302635
 1.302670
 1.301882
 1.386668
 1.389835
 1.376226
 1.376226
 1.376214
 1.401832
 1.402496
 1.402496
 1.392191
 1.393611
 1.475017
 1.475017
 1.475017
 1.468688
 1.468688
 1.468743
 1.500939
 1.530045
 1.524951
 1.524817
 1.524817
 1.524817
 1.526111
 1.493962
 1.485997
 1.491552
 1.487141
 1.487141
 1.485163
 1.478403
 1.479597
 1.471431
 1.478610
 1.477031
 1.477031
 1.475392
 1.498894
 1.498894
 1.503344
 1.496544
 1.492505
 1.487257
 1.492425
 1.491570
 1.489093
 1.484240
 1.485512
 1.495037
 1.498300
 1.502533
 1.505827
 1.528908
 1.507311
 1.520013
 1.532101
 1.532101
 1.528905
 1.525351
 1.525351
 1.510645
 1.515037
 1.515037
 1.517725
 1.513043
 1.516061
 1.514327
 1.509106
 1.550076
 1.548047
 1.550418
 1.550418
 1.549769
 1.563695
 1.578879
 1.589487
 1.589487
 1.589487
 1.589487
 1.583914
 1.583224
 1.583224
 1.590552
 1.614626
 1.615839
 1.614927
 1.615953
 1.615953
 1.622708
 1.622708
 1.630481
 1.630481
 1.627065
 1.627294
 1.626184
 1.622325
 1.614108
 1.612011
 1.612011
 1.612011
 1.637585
 1.637585
 1.650901
 1.651429
 1.654305
 1.654037
 1.653338
 1.653338
 1.657897
 1.655715
 1.664503
 1.665852
 1.665901
 1.665901
 1.665901
 1.665685
 1.667605
 1.667605
 1.691241
 1.687809
 1.687809
 1.687809
 1.687809
 1.691851
 1.691851
 1.697498
 1.702562
 1.700865
 1.700469
 1.700469
 1.699715
 1.699715
 1.700297
 1.695365
 1.698311
 1.700174
 1.701062
 1.700078
 1.705754
 1.730287
 1.730287
 1.723022
 1.723502
 1.719572
 1.718772
 1.721438
 1.724100
 1.715838
 1.723769
 1.723756
 1.728885
 1.728885
 1.728682
 1.728682
 1.727511
 1.730953
 1.734401
 1.733277
 1.739686
 1.740419
 1.754286
 1.749768
 1.747116
 1.750873
 1.752995
 1.754251
 1.754251
 1.755059
 1.801732
 1.797484
 1.795759
 1.790056
 1.788674
 1.787119
 1.787119
 1.787119
 1.772390
 1.775580
 1.773134
 1.770439
 1.765679
 1.783355
 1.784739
 1.790183
 1.790741
 1.787910
 1.788080
 1.788779
 1.785084
 1.778998
 1.778998
 1.773277
 1.769763
 1.780238
 1.780042
 1.782901
 1.780912
 1.775836
 1.768763
 1.770803
 1.770965
 1.772079
 1.772079
 1.772416
 1.781916
 1.781298
 1.782665
 1.784435
 1.777350
 1.778572
 1.759209
 1.759173
 1.767131
 1.769909
 1.769644
 1.769223
 1.767677
 1.764457
 1.745439
 1.745161
 1.743794
 1.743586
 1.742463
 1.741019
 1.739967
 1.745538
 1.750304
 1.751033
 1.750787
 1.730308
 1.735549
 1.735549
 1.736483
 1.736474
 1.727600
 1.725702
 1.725033
 1.726465
 1.730099
 1.740876
 1.741231
 1.743332
 1.745529
 1.746435
 1.747350
 1.746759
 1.750934
 1.751004
 1.751004
 1.749455
 1.749463
 1.751198
 1.753183
 1.756412
 1.755645
 1.756500
 1.756500
 1.753262
 1.761771
 1.761079
 1.761665
 1.761665
 1.761898
 1.761898
 1.761834
 1.761745
 1.760733
 1.761079
 1.765886
 1.763169
 1.762482
 1.762482
 1.762482
 1.759066
 1.758990
 1.760510
 1.760510
 1.760510
 1.759744
 1.763321
 1.775448
 1.775448
 1.775456
 1.776218
 1.776401
 1.776171
 1.762181
 1.762246
 1.763293
 1.762864
 1.773109
 1.773383
 1.773383
 1.773102
 1.773102
 1.774527
 1.776234
 1.777003
 1.782856
 1.782856
 1.784450
 1.783023
 1.783023
 1.783023
 1.785417
 1.785638
 1.793299
 1.793298
 1.793298
 1.793298
 1.793473
 1.789159
 1.789159
 1.795856
 1.793958
 1.800366
 1.801769
 1.801794
 1.801794
 1.801794
 1.801794
 1.798550
 1.799726
 1.803612
 1.803981
 1.807169
 1.808407
 1.808407
 1.808407
 1.807933
 1.808578
 1.808673
 1.808538
 1.809913
 1.810763
 1.810676
 1.811000
 1.830152
 1.834366
 1.834366
 1.836217
 1.836611
 1.836480
 1.835722
 1.837675
 1.848359
 1.841526
 1.839081
 1.837687
 1.838533
 1.835134
 1.836547
 1.836547
 1.833491
 1.843168
 1.843377
 1.842426
 1.845076
 1.844906
 1.844906
 1.845295
 1.845295
 1.845295
 1.859008
 1.859924
 1.859924
 1.859794
 1.860110
 1.866325
 1.867818
 1.867818
 1.867209
 1.867382
 1.867382
 1.866000
 1.866000
 1.868673
 1.868631
 1.869208
 1.869208
 1.872301
 1.872301
 1.874751
 1.873797
 1.873797
 1.873159
 1.873159
 1.873059
 1.872836
 1.880884
 1.880883
 1.881066
 1.879219
 1.880156
 1.882258
 1.886017
 1.886017
 1.893050
 1.895444
 1.895444
 1.895252
 1.902250
 1.902077
 1.906939
 1.906939
 1.906939
 1.908532
 1.908188
 1.909764
 1.909764
 1.909764
 1.909764
 1.909764
 1.913473
 1.913724
 1.913724
 1.913445
 1.913419
 1.913419
 1.912242
 1.910342
 1.909767
 1.909767
 1.909757
 1.909603
 1.909249
 1.909011
 1.911321
 1.911321
 1.911650
 1.913962
 1.913962
 1.922752
 1.922514
 1.922066
 1.922066
 1.922279
 1.923419
 1.924026
 1.924026
 1.924911
 1.924964
 1.923771
 1.923556
 1.925133
 1.928171
 1.927462
 1.927462
 1.927792
 1.927792
 1.927792
 1.927942
 1.927670
 1.927868
 1.927868
 1.928570
 1.929053
 1.929053
 1.929228
 1.926059
 1.925358
 1.927661
 1.927661
 1.927661
 1.927337
 1.927337
 1.925745
 1.925745
 1.928041
 1.927041
 1.930551
 1.927196
 1.927524
 1.927304
 1.927304
 1.927304
 1.926227
 1.925471
 1.919715
 1.919354
 1.915373
 1.915373
 1.912053
 1.912053
 1.912053
 1.912053
 1.911621
 1.911621
 1.917089
 1.915719
 1.915719
 1.915719
 1.915719
 1.914108
 1.914907
 1.914570
 1.914570
 1.914613
 1.915327
 1.915327
 1.913103
 1.912925
 1.907842
 1.906149
 1.906060
 1.903517
 1.903337
 1.903337
 1.902515
 1.903523
 1.903523
 1.903237
 1.903226
 1.903226
 1.903517
 1.903517
 1.903842
 1.902623
 1.901916
 1.902605
 1.898322
 1.898322
 1.896771
 1.897690
 1.896081
 1.896773
 1.895965
 1.896032
 1.896032
 1.896032
 1.896001
 1.894604
 1.894604
 1.896737
 1.896737
 1.896677
 1.896679
 1.896773
 1.895555
 1.892510
 1.892510
 1.892510
 1.891057
 1.891057
 1.891057
 1.891057
 1.891057
 1.885406
 1.885406
 1.885406
 1.889599
 1.889599
 1.889599
 1.887867
 1.886881
 1.887795
 1.887749
 1.887975
 1.887127
 1.887127
 1.886961
 1.889067
 1.888775
 1.888775
 1.888775
 1.888775
 1.888775
 1.887112
 1.887112
 1.887112
 1.887112
 1.887112
 1.887112
 1.887013
 1.887024
 1.887386
 1.887386
 1.887386
 1.887386
 1.887386
 1.889034
 1.889092
 1.888837
 1.888993
 1.888993
 1.888993
 1.889401
 1.889401
 1.892687
 1.891723
 1.891723
 1.891723
 1.891309
 1.891309
 1.891309
 1.891448
 1.892455
 1.892455
 1.892324
 1.892401
 1.892446
 1.892446
 1.892471
 1.891474
 1.892682
 1.892682
 1.892682
 1.892682
 1.892489
 1.892489
 1.892489
 1.892489
 1.892446
 1.892446
 1.892446
 1.892446
 1.892446
 1.892403
 1.892403
 1.892656
 1.894526
 1.895027
 1.893778
 1.893778
 1.896017
 1.896017
 1.896017
 1.896017
 1.896017
 1.896017
 1.896017
 1.895852
 1.903555
 1.903555
 1.903550
 1.903518
 1.906256
 1.907850
 1.907903
 1.907849
 1.907849
 1.910977
 1.910977
 1.910977
 1.912245
 1.911937
 1.911937
 1.911919
 1.911919
 1.911919
 1.912939
 1.912939
 1.912621
 1.913107
 1.913107
 1.913372
 1.913372
 1.913372
 1.913482
 1.913482
 1.913719
 1.913756
 1.913675
 1.913675
 1.914446
 1.914446
 1.921970
 1.922065
 1.922052
 1.921976
 1.921514
 1.922101
 1.922101
 1.922101
 1.923272
 1.923272
 1.923807
 1.917037
 1.924387
 1.924387
 1.924387
 1.924387
 1.925034
 1.925034
 1.925034
 1.925034
 1.925011
 1.925011
 1.924734
 1.924734
 1.924734
 1.924734
 1.924734
 1.925137
 1.924975
 1.924975
 1.925100
 1.925100
 1.926353
 1.926353
 1.926353
 1.926395
 1.926395
 1.926395
 1.926559
 1.923801
 1.923924
 1.924150
 1.924150
 1.924150
 1.923602
 1.923602
 1.923602
 1.923730
 1.923749
 1.923749
 1.923749
 1.923749
 1.923749
 1.923749
 1.923749
 1.925224
 1.925224
 1.925208
 1.925208
 1.925221
 1.925222
 1.925222
 1.925222
 1.925303
 1.925303
 1.925327
 1.925327
 1.925327
 1.925327
 1.923754
 1.923703
 1.923703
 1.923703
 1.919623
 1.918537
 1.917553
 1.917553
 1.917553
 1.917553
 1.917553
 1.917553
 1.917553
 1.917596
 1.917596
 1.917596
 1.910191
 1.910654
 1.911006
 1.911057
 1.911057
 1.910749
 1.910749
 1.910749
 1.910749
 1.910749
 1.910749
 1.910749
 1.910749
 1.910749
 1.910749
 1.910749
 1.910752
 1.910697
 1.910802
 1.911073
 1.911863
 1.911863
 1.911863
 1.911863
 1.913037
 1.912281
 1.912693
 1.912592
 1.912106
 1.912106
 1.912233
 1.912233
 1.912233
 1.912156
 1.912156
 1.910648
 1.911125
 1.911125
 1.909974
 1.909974
 1.909974
 1.906997
 1.906997
 1.906997
 1.906997
 1.911286
 1.911286
 1.911286
 1.911286
 1.911386
 1.907241
 1.907967
 1.908076
 1.907934
 1.907934
 1.907934
 1.908215
 1.907345
 1.907345
 1.907345
 1.906972
 1.906972
 1.906972
 1.906972
 1.912165
 1.912165
 1.910833
 1.909862
 1.910207
 1.910207
 1.911132
 1.911132
 1.911132
 1.911132
 1.911132
 1.911824
 1.911261
 1.911547
 1.911547
 1.911547
 1.908836
 1.908836
 1.908836
 1.908836
 1.907905
 1.907905
 1.907905
 1.907121
 1.907121
 1.907129
 1.907556
 1.907556
 1.907065
 1.907065
 1.907241
 1.907241
 1.907241
 1.907241
 1.907209
 1.907209
 1.907209
 1.905379
 1.905379
 1.905379
 1.906901
 1.906901
 1.906901
 1.904706
 1.905424
 1.905282
 1.905557
 1.905546
 1.905546
 1.905546
 1.905146
 1.905048
 1.906312
 1.903468
 1.903468
 1.903462
 1.903462
 1.903462
 1.903462
 1.903462
 1.903462
 1.903573
 1.903604
 1.903604
 1.903604
 1.903604
 1.903604
 1.903705
 1.903755
 1.903755
 1.903755
 1.903755
 1.903626
 1.903199
 1.903199
 1.903199
 1.903243
 1.903243
 1.903243
 1.903987
 1.903987
 1.904498
 1.905375
 1.905375
 1.905375
 1.904515
 1.904515
 1.904515
 1.905048
 1.905048
 1.904217
 1.903751
 1.903746
 1.903746
 1.903823
 1.903823
 1.903538
 1.904204
 1.904204
 1.904204
 1.904204
 1.904204
 1.900863
 1.900863
 1.900963
 1.900963
 1.900963
 1.900963
 1.900602
 1.901547
 1.901564
 1.901564
 1.901567
 1.901567
 1.901567
 1.901567
 1.901567
 1.901567
 1.902835
 1.902835
 1.902835
 1.902835
 1.902835
 1.902835
 1.902835
 1.902835
 1.902835
 1.902835
 1.903318
 1.903318
 1.903771
 1.904386
 1.904371
 1.904618
 1.904618
 1.904511
 1.904589
 1.904591
 1.904591
 1.904688
 1.904625
 1.904625
 1.904625
 1.904625
 1.904625
 1.905048
 1.905048
 1.905048
 1.905048
 1.905048
 1.905048
 1.905048
 1.906550
 1.906558
 1.906344
 1.906344
 1.905946
 1.905383
 1.905383
 1.904659
 1.904659
 1.906878
 1.906925
 1.906925
 1.906925
 1.906925
 1.906925
 1.909082
 1.909082
 1.909082
 1.909082
 1.909006
 1.909006
 1.909006
 1.909006
 1.909006
 1.909006
 1.909006
 1.909006
 1.909006
 1.909006
 1.908420
 1.908420
 1.908420
 1.908379
 1.908223
 1.908223
 1.908223
 1.908223
 1.909416
 1.909670
 1.909580
 1.910876
 1.910090
 1.910090
 1.910090
 1.910090
 1.910090
 1.910090
 1.910090
 1.910090
 1.909857
 1.909857
 1.909857
 1.909857
 1.909719
 1.910159
 1.910159
 1.910159
 1.912066
 1.912066
 1.912220
 1.911335
 1.911335
 1.911335
 1.911335
 1.910911
 1.911950
 1.911950
 1.912214
 1.912214
 1.912214
 1.912214
 1.910864
 1.904628
 1.904628
 1.904628
 1.896617
 1.896617
 1.896541
 1.896541
 1.896541
 1.896541
 1.897226
 1.897226
 1.897226
 1.897226
 1.897226
 1.897226
 1.896456
 1.893899
 1.882344
 1.882344
 1.882344
 1.882344
 1.882344
 1.882344
 1.882344
 1.882344
 1.881460
 1.883394
 1.883394
 1.883394
 1.883521
 1.883634
 1.883634
 1.883634
 1.883634
 1.883634
 1.883589
 1.883589
 1.883589
 1.883589
 1.883589
 1.883264
 1.883264
 1.883264
 1.883264
 1.883118
 1.883118
 1.885606
 1.885606
 1.885557
 1.885557
 1.885557
 1.885557
 1.885534
 1.885534
 1.885534
 1.886082
 1.886263
 1.886263
 1.886263
 1.886304
 1.886304
 1.886304
 1.887861
 1.886275
 1.886210
 1.886563
 1.886563
 1.886563
 1.886563
 1.886484
 1.886224
 1.885034
 1.885034
 1.884482
 1.884484
 1.884484
 1.884484
 1.884484
 1.884484
 1.884484
 1.884741
 1.883601
 1.883601
 1.883601
 1.883943
 1.883943
 1.883943
 1.883943
 1.883943
 1.883943
 1.883433
 1.883433
 1.882803
 1.882803
 1.882803
 1.882974
 1.882974
 1.882974
 1.882974
 1.882974
 1.883067
 1.883067
 1.881053
 1.881053
 1.881053
 1.881053
 1.880922
 1.880922
 1.880922
 1.880922
 1.880922
 1.881865
 1.883756
 1.883711
 1.883711
 1.883711
 1.883711
 1.883711
 1.883711
 1.883711
 1.883711
 1.883579
 1.883579
 1.883805
 1.883805
 1.883805
 1.883805
 1.883805
 1.883805
 1.883805
 1.883750
 1.879505
 1.879442
 1.879442
 1.879472
 1.879472
 1.879766
 1.879766
 1.879766
 1.879766
 1.879766
 1.879691
 1.879691
 1.879691
 1.879694
 1.879694
 1.880263
 1.880171
 1.880171
 1.880171
 1.879833
 1.879833
 1.879833
 1.879833
 1.879833
 1.879600
 1.879600
 1.879600
 1.879600
 1.879600
 1.880571
 1.880571
 1.880571
 1.880571
 1.880571
 1.880571
 1.880571
 1.880755
 1.880755
 1.880755
 1.880755
 1.880755
 1.880745
 1.880745
 1.880745
 1.880745
 1.880745
 1.880745
 1.880745
 1.880745
 1.881595
 1.881595
 1.881563
 1.881855
 1.881855
 1.881855
 1.881830
 1.881830
 1.881973
 1.881973
 1.881973
 1.881973
 1.881340
 1.881340
 1.881340
 1.881340
 1.880369
 1.880357
 1.880761
 1.880671
 1.880671
 1.880671
 1.882057
 1.882057
 1.882057
 1.881821
 1.881821
 1.881781
 1.881781
 1.881781
 1.881781
 1.881781
 1.882145
 1.882145
 1.882145
 1.882145
 1.882145
 1.848536
 1.848536
 1.848536
 1.849900
 1.849900
 1.849903
 1.850079
 1.850589
 1.843125
 1.843125
 1.843125
 1.843204
 1.843204
 1.843204
 1.843607
 1.843616
 1.840251
 1.840406
 1.840589
 1.840589
 1.840589
 1.840589
 1.841901
 1.841901
 1.841901
 1.836202
 1.836577
 1.836577
 1.836577
 1.836577
 1.836577
 1.836577
 1.836577
 1.836587
 1.836587
 1.836587
 1.836587
 1.836587
 1.836587
 1.836587
 1.836587
 1.835487
 1.836729
 1.836729
 1.836729
 1.836729
 1.837017
 1.832362
 1.829115
 1.829115
 1.829115
 1.829122
 1.829562
 1.829562
 1.829581
 1.829559
 1.829840
 1.829840
 1.829928
 1.829928
 1.829928
 1.829928
 1.829928
 1.829929
 1.819090
 1.819342
 1.819342
 1.819342
 1.813866
 1.813866
 1.813866
 1.813866
 1.813866
 1.812157
 1.812157
 1.812157
 1.808502
 1.808502
 1.808181
 1.808181
 1.800910
 1.800780
 1.799569
 1.799569
 1.800708
 1.800708
 1.800708
 1.800750
 1.796924
 1.796924
 1.796924
 1.796924
 1.796924
 1.796924
 1.796924
 1.796924
 1.796924
 1.796924
 1.796924
 1.796924
 1.796924
 1.796924
 1.796924
 1.796924
 1.796924
 1.796911
 1.796911
 1.796911
 1.794038
 1.790494
 1.790353
 1.790353
 1.789430
 1.789171
 1.789357
 1.789357
 1.789357
 1.789357
 1.787811
 1.787811
 1.787811
 1.787811
 1.787811
 1.787811
 1.787811
 1.787811
 1.787811
 1.787811
 1.787811
 1.787811
 1.787642
 1.787642
 1.787642
 1.787775
 1.787775
 1.787775
 1.787775
 1.787775
 1.787775
 1.787775
 1.787775
 1.787775
 1.787775
 1.787775
 1.786699
 1.786699
 1.786699
 1.785877
 1.785589
 1.785589
 1.785589
 1.785589
 1.784631
 1.784643
 1.784643
 1.784643
 1.784643
 1.784613
 1.784613
 1.784613
 1.784613
 1.784613
 1.784613
 1.784648
 1.784648
 1.784648
 1.784648
 1.784648
 1.784648
 1.784709
 1.784709
 1.785052
 1.785052
 1.785052
 1.785052
 1.785083
 1.785231
 1.785231
 1.785206
 1.784053
 1.784053
 1.784136
 1.784136
 1.784136
 1.784136
 1.784136
 1.784136
 1.784167
 1.784167
 1.784167
 1.784167
 1.784167
 1.784167
 1.784167
 1.784167
 1.784167
 1.784167
 1.784167
 1.784167
 1.784167
 1.784167
 1.784167
 1.784167
 1.784444
 1.784444
 1.784444
 1.784416
 1.784416
 1.784392
 1.783079
 1.783079
 1.783079
 1.783079
 1.783079
 1.783079
 1.783079
 1.783079
 1.783086
 1.782387
 1.782387
 1.782387
 1.782387
 1.781956
 1.781956
 1.781956
 1.781367
 1.782458
 1.782211
 1.782211
 1.782211
 1.782211
 1.781618
 1.781618
 1.781618
 1.780904
 1.780904
 1.780904
 1.778699
 1.778699
 1.778699
 1.778699
 1.778708
 1.778708
 1.778708
 1.778676
 1.778676
 1.778676
 1.778676
 1.778676
 1.778086
 1.778086
 1.778086
 1.778183
 1.778026
 1.778026
 1.778103
 1.778103
 1.778223
 1.773290
 1.772617
 1.769821
 1.769821
 1.769821
 1.769821
 1.769821
 1.769821
 1.769821
 1.769821
 1.769821
 1.769821
 1.769821
 1.769821
 1.766872
 1.766895
 1.766895
 1.766792
 1.766792
 1.766792
 1.766792
 1.766792
 1.766792
 1.766792
 1.766792
 1.766797
 1.766797
 1.766797
 1.766797
 1.766986
 1.766986
 1.765569
 1.765569
 1.765569
 1.765569
 1.765569
 1.765569
 1.765569
 1.764670
 1.764670
 1.764670
 1.765246
 1.765246
 1.765019
 1.765019
 1.765019
 1.765019
 1.765019
 1.765019
 1.765019
 1.765019
 1.765019
 1.765019
 1.765019
 1.765019
 1.765019
 1.765019
 1.765019
 1.763837
 1.763157
 1.763157
 1.763157
 1.763157
 1.763157
 1.763157
 1.763157
 1.760176
 1.760176
 1.758771
 1.758751
 1.758751
 1.758751
 1.758735
 1.758735
 1.758152
 1.758297
 1.758295
 1.758302
 1.758302
 1.758302
 1.758302
 1.758302
 1.758302
 1.758265
 1.758265
 1.757038
 1.757038
 1.757038
 1.757034
 1.757034
 1.757054
 1.755327
 1.755371
 1.755371
 1.755371
 1.755371
 1.755371
 1.755297
 1.755297
 1.755297
 1.756026
 1.756026
 1.756209
 1.756209
 1.756209
 1.756394
 1.756394
 1.756394
 1.756394
 1.756643
 1.756643
 1.756643
 1.755263
 1.755147
 1.755190
 1.755190
 1.755190
 1.755190
 1.755708
 1.755708
 1.755708
 1.755708
 1.755708
 1.755708
 1.755708
 1.755005
 1.755005
 1.755005
 1.755005
 1.755005
 1.755005
 1.755005
 1.755005
 1.753753
 1.752590
 1.752453
 1.752453
 1.752453
 1.752453
 1.752325
 1.752622
 1.752649
 1.753404
 1.753404
 1.753575
 1.753575
 1.753575
 1.753575
 1.753575
 1.753289
 1.753289
 1.753289
 1.752457
 1.752457
 1.752719
 1.752719
 1.752735
 1.752735
 1.752735
 1.752735
 1.752735
 1.752735
 1.752735
 1.752735
 1.752262
 1.752262
 1.752262
 1.752262
 1.752262
 1.752148
 1.752394
 1.752394
 1.752394
 1.752394
 1.752394
 1.752394
 1.752394
 1.752394
 1.752394
 1.752394
 1.752391
 1.752391
 1.752391
 1.752391
 1.752391
 1.752391
 1.752391
 1.752391
 1.752391
 1.752391
 1.752391
 1.752391
 1.753677
 1.753677
 1.753677
 1.753677
 1.753677
 1.753677
 1.753677
 1.753691
 1.753924
 1.754129
 1.754129
 1.753464
 1.753464
 1.753464
 1.753464
 1.753464
 1.753464
 1.753464
 1.753464
 1.753464
 1.753464
 1.753752
 1.753752
 1.753752
 1.753752
 1.753752
 1.753752
 1.753752
 1.753752
 1.753752
 1.752973
 1.752973
 1.752973
 1.752973
 1.752973
 1.752973
 1.752973
 1.752973
 1.753401
 1.753907
 1.753907
 1.753907
 1.753907
 1.753907
 1.753907
 1.753907
 1.753907
 1.753907
 1.753907
 1.753907
 1.754392
 1.754392
 1.754392
 1.753897
 1.754182
 1.754182
 1.753653
 1.753653
 1.753653
 1.753653
 1.753653
 1.753646
 1.753646
 1.753646
 1.753646
 1.753646
 1.753648
 1.754219
 1.754312
 1.754312
 1.754207
 1.754207
 1.753692
 1.753666
 1.753666
 1.753666
 1.753666
 1.753666
 1.753666
 1.753666
 1.753666
 1.753666
 1.753666
 1.753666
 1.753666
 1.753666
 1.753666
 1.753666
 1.753666
 1.753666
 1.753666
 1.753666
 1.753666
 1.753666
 1.753666
 1.753666
 1.753666
 1.753724
 1.753724
 1.754446
 1.754446
 1.754446
 1.754446
 1.754446
 1.754446
 1.754446
 1.754446
 1.754446
 1.754446
 1.754444
 1.754444
 1.754444
 1.753652
 1.754261
 1.754261
 1.754261
 1.754261
 1.754261
 1.754261
 1.754261
 1.754208
 1.754208
 1.754208
 1.753866
 1.754021
 1.754021
 1.752637
 1.750880
 1.750880
 1.751317
 1.751317
 1.750939
 1.750881
 1.750881
 1.750881
 1.750881
 1.750881
 1.750881
 1.750881
 1.750881
 1.750881
 1.749016
 1.748795
 1.749115
 1.749115
 1.749237
 1.749237
 1.749675
 1.749675
 1.749675
 1.749675
 1.749675
 