shade_wo_archive, std
599.250489
 494.510664
 459.987352
 462.719421
 480.799600
 453.426376
 408.663625
 404.255292
 391.148175
 346.711439
 338.184082
 327.690566
 297.690326
 295.078845
 301.368347
 301.373755
 288.773243
 308.920651
 291.891328
 318.392216
 317.361210
 320.697998
 316.847983
 316.075542
 312.594868
 310.555647
 307.281362
 311.062565
 303.806476
 303.474164
 293.940639
 293.940639
 293.940639
 286.752232
 296.828723
 296.828723
 296.828723
 292.241005
 291.880566
 296.853595
 296.853595
 296.853595
 300.589786
 300.589786
 300.091685
 302.993444
 304.742148
 304.742148
 295.790010
 295.790010
 295.790010
 295.790010
 295.790010
 295.081951
 296.559916
 296.037643
 290.509442
 286.432919
 286.432919
 286.432919
 286.432919
 286.432919
 280.236369
 279.191353
 279.191353
 279.191353
 279.191353
 280.027056
 280.027056
 280.027056
 280.027056
 271.178827
 271.116995
 271.116995
 272.213933
 267.359223
 267.359223
 267.359223
 266.768398
 274.740231
 292.598277
 291.615870
 291.858800
 291.858800
 289.931997
 289.931997
 289.931997
 283.376118
 283.847157
 283.847157
 283.847157
 279.516843
 279.516843
 279.546265
 275.536722
 275.536722
 297.326623
 297.326623
 297.336201
 305.156985
 305.156985
 305.149995
 304.279551
 304.014273
 300.478566
 302.484802
 302.484802
 302.716842
 301.605524
 301.605524
 304.687946
 304.687946
 297.055427
 291.802355
 291.802355
 290.714198
 302.800238
 301.435403
 299.816781
 316.825373
 308.315523
 306.679107
 306.679107
 303.714380
 300.831785
 300.485728
 300.166362
 300.225490
 299.326588
 299.006009
 299.006009
 299.006009
 299.006009
 299.006009
 299.240983
 299.305951
 299.305951
 300.742111
 309.414264
 307.535741
 307.535741
 307.535741
 306.594557
 306.594557
 306.790410
 306.359568
 310.377558
 310.272702
 310.272702
 308.798905
 315.849798
 314.831303
 312.496337
 312.496337
 315.140121
 314.923135
 303.864087
 303.403823
 304.152111
 299.708952
 299.708952
 299.684013
 299.684013
 299.323025
 301.106588
 296.496871
 298.383732
 295.733796
 295.733796
 294.142181
 289.473793
 289.432609
 289.432609
 289.407431
 289.407431
 287.666553
 288.705928
 286.614837
 285.669642
 286.813195
 286.813195
 286.813195
 286.813195
 286.813195
 287.358951
 288.512183
 291.211199
 291.966704
 291.966704
 292.230397
 292.162473
 292.162473
 292.162473
 292.138494
 291.575588
 303.485115
 300.642928
 300.908016
 297.487845
 297.439183
 296.738732
 295.965341
 293.839112
 294.984673
 294.849772
 294.849772
 293.994564
 300.236691
 300.715947
 300.422136
 301.870505
 302.230501
 303.636242
 302.868932
 303.604745
 303.604745
 303.552332
 303.586167
 303.586167
 303.364862
 301.553537
 301.157663
 311.770846
 309.816412
 302.145746
 301.037005
 304.542437
 307.005659
 300.059960
 297.424116
 298.615833
 304.160637
 303.775468
 309.969092
 309.969092
 310.036593
 309.895496
 310.188720
 307.883356
 307.842764
 307.604876
 309.689168
 308.751011
 307.523749
 307.410676
 305.972925
 304.856594
 306.833261
 306.933700
 306.819236
 303.490391
 301.842036
 301.034140
 301.025413
 300.999315
 300.999315
 302.301104
 302.301104
 306.637007
 307.477480
 312.829106
 311.260563
 298.236997
 298.236997
 302.286812
 302.286812
 301.652274
 298.185298
 291.174932
 292.982832
 291.395276
 282.660112
 282.855024
 282.174576
 283.062880
 283.062880
 282.538326
 281.662194
 282.591310
 280.689229
 280.799954
 281.065000
 281.011806
 281.011806
 282.305267
 282.718948
 282.718948
 277.057956
 275.353951
 275.511136
 278.410808
 277.703586
 277.719935
 277.719935
 275.964292
 275.600710
 275.594643
 275.594643
 275.700558
 273.419263
 273.730334
 273.730334
 274.893186
 274.762255
 276.685548
 276.508837
 276.459431
 276.294047
 275.031326
 275.031326
 275.349657
 275.508469
 275.508469
 279.357784
 280.541286
 280.366292
 280.213962
 280.525544
 280.540345
 281.341514
 272.835536
 274.963332
 277.579213
 277.013692
 276.838018
 277.314261
 277.314261
 277.314261
 276.650361
 276.994418
 274.282138
 274.306160
 273.597910
 273.932807
 273.100876
 272.997639
 273.619016
 273.923653
 275.055925
 272.991631
 276.819759
 276.184640
 278.554761
 275.743905
 273.085025
 272.217484
 272.362622
 271.646291
 273.560551
 274.872261
 274.933781
 279.205758
 279.672275
 278.548556
 278.478080
 278.110966
 280.073159
 280.047636
 281.852644
 281.690961
 281.920025
 281.688371
 282.595924
 284.166247
 284.051506
 284.203855
 283.440730
 286.215140
 286.506429
 286.538214
 286.344139
 285.974473
 285.127129
 285.127129
 286.715369
 287.037152
 287.044341
 287.367136
 286.951631
 284.344536
 285.032101
 285.032101
 284.975291
 282.483503
 282.335933
 283.294411
 281.372707
 280.933436
 280.933436
 282.154622
 282.154622
 282.055855
 282.259116
 280.763974
 283.600809
 283.546553
 280.567918
 280.686213
 280.686213
 279.576690
 279.576690
 281.040937
 279.636426
 282.520179
 277.257684
 277.257684
 277.257684
 277.257651
 284.346175
 284.503485
 283.939200
 291.730115
 291.734841
 291.973056
 291.674946
 292.077031
 292.077031
 293.094118
 293.241011
 293.333718
 293.224322
 293.222737
 292.003557
 292.144474
 292.059979
 292.059979
 292.964977
 292.887546
 292.887546
 292.883457
 292.632736
 291.271875
 291.525393
 292.788767
 294.572671
 293.837159
 293.837159
 293.923613
 294.621111
 294.662727
 295.200363
 294.894521
 294.929613
 300.809513
 300.133614
 301.319048
 301.674966
 301.413107
 303.307408
 309.998354
 309.997016
 309.997016
 308.263136
 308.518485
 308.342785
 307.822219
 308.949032
 308.856748
 308.959560
 308.650097
 308.650097
 305.542538
 308.664490
 308.493998
 308.822608
 308.820263
 308.835501
 309.182389
 309.099847
 309.284575
 309.314763
 309.740682
 309.690438
 309.654108
 308.564494
 309.707776
 309.707776
 313.166305
 313.769207
 313.319465
 313.319465
 313.320393
 313.061473
 313.458945
 313.227255
 310.007383
 310.010124
 311.718674
 311.674624
 312.275439
 314.118292
 314.118401
 314.118401
 313.681772
 313.698168
 313.728185
 313.606701
 312.270992
 309.297874
 309.297874
 309.297874
 307.403504
 307.450227
 307.671766
 308.800594
 308.251249
 315.223334
 315.203355
 315.203355
 314.904210
 314.899019
 314.396716
 315.420078
 315.059586
 316.006313
 313.238515
 313.238515
 312.944245
 311.418557
 310.798304
 310.627730
 310.549399
 310.871265
 308.449228
 308.494929
 308.505884
 308.477442
 308.552570
 308.496027
 308.496027
 309.067348
 308.992007
 308.897215
 308.897215
 308.897215
 308.780495
 308.780495
 311.793696
 311.651989
 311.250896
 313.758239
 313.743338
 315.958992
 322.656512
 322.667871
 322.516032
 322.448976
 322.448976
 322.226417
 323.120061
 323.095397
 324.304754
 323.105983
 323.162983
 323.238501
 324.062151
 324.021030
 324.021030
 324.170821
 324.526823
 324.526823
 324.526823
 324.493379
 324.879039
 324.983230
 327.723606
 327.723606
 327.450383
 328.178938
 328.178938
 328.166482
 328.166149
 328.183036
 328.359987
 328.344519
 328.626491
 329.198003
 328.897343
 328.339780
 328.339780
 327.896036
 328.549223
 329.359225
 329.821436
 329.658867
 329.658867
 329.658867
 329.569032
 330.372418
 330.462732
 330.507680
 331.485082
 331.415540
 331.276342
 331.721549
 331.721549
 332.256500
 332.243088
 335.698003
 335.940970
 335.995718
 336.033524
 335.962996
 336.727291
 336.765967
 336.665037
 336.670535
 336.670535
 336.670535
 336.670535
 335.824905
 335.316128
 335.070215
 335.089442
 335.420236
 335.420236
 335.420236
 335.420236
 338.412240
 338.412240
 338.200618
 338.185022
 338.190341
 338.208519
 338.593451
 338.793360
 338.563190
 338.644475
 338.231882
 338.231882
 337.714416
 337.740939
 337.562749
 337.510238
 337.590400
 338.620883
 338.437459
 338.458536
 338.458536
 338.412872
 338.412872
 338.386804
 338.400931
 338.561985
 338.972588
 338.644523
 338.644523
 338.983290
 339.389118
 339.389118
 339.389118
 339.677350
 339.821801
 340.291937
 340.677226
 340.734867
 341.195430
 341.611098
 342.895764
 343.542759
 343.542759
 343.372692
 343.372692
 343.662136
 343.800228
 343.800228
 343.952669
 343.595826
 343.583040
 343.609893
 343.860966
 344.121041
 341.949246
 342.099211
 342.048526
 341.934038
 341.673656
 341.673656
 341.718937
 342.032178
 342.032178
 342.374676
 342.378962
 342.364192
 342.370437
 342.369934
 342.369934
 339.595990
 339.590311
 339.719730
 340.558814
 340.923797
 344.170388
 344.186592
 344.186592
 344.194324
 344.194324
 344.072841
 346.307484
 346.307773
 346.222459
 346.222459
 345.890370
 345.883104
 345.883104
 345.883104
 345.883485
 344.375194
 344.355317
 344.424155
 344.424155
 344.481328
 340.678928
 340.966591
 340.966591
 341.138990
 340.033191
 339.952986
 339.952986
 339.959212
 339.959212
 339.738416
 338.543017
 338.528857
 338.565376
 337.610217
 334.681430
 335.486924
 335.509874
 335.149996
 335.150218
 335.152890
 335.152890
 335.152890
 335.303472
 335.303472
 334.942048
 335.112039
 335.112039
 335.107090
 335.121599
 335.957417
 335.957167
 335.957167
 335.957167
 337.434155
 337.412151
 337.362369
 337.362369
 337.362369
 337.491879
 337.484751
 337.417877
 337.189604
 337.169279
 336.826412
 336.826412
 336.826412
 336.859421
 336.859421
 337.206701
 337.473435
 337.473435
 338.121392
 337.938548
 337.946810
 338.423311
 338.423311
 338.423311
 338.449037
 338.457879
 338.457879
 338.464908
 338.464908
 338.459239
 338.210033
 337.874036
 338.375159
 338.375159
 338.375159
 338.330194
 338.365068
 338.365068
 338.365068
 338.231264
 338.231264
 338.180905
 338.201286
 338.201286
 338.201286
 337.924503
 337.927863
 338.083291
 338.072165
 338.093969
 335.829865
 336.001495
 335.953006
 336.663219
 336.663219
 337.184422
 337.170529
 337.170529
 337.295446
 337.772482
 337.916831
 337.901494
 337.901494
 338.016902
 338.028692
 338.076753
 338.076753
 338.076753
 338.080912
 338.222634
 338.516658
 338.511816
 338.565931
 338.466070
 337.833343
 337.786163
 337.692323
 337.692323
 337.719131
 337.719131
 337.736590
 337.732695
 337.732695
 337.702587
 337.847846
 337.924581
 337.924581
 337.920221
 337.940040
 339.156198
 339.195082
 339.207059
 339.294314
 339.189440
 339.557742
 339.537593
 338.921515
 338.921515
 337.876620
 337.832380
 337.832380
 337.833775
 337.833775
 337.811653
 337.668491
 338.577132
 338.577132
 338.587126
 338.587126
 338.595407
 338.533026
 338.533049
 338.623467
 338.623467
 338.639637
 338.639637
 338.623324
 338.610825
 338.511429
 336.989252
 337.015976
 337.275928
 337.275928
 337.269770
 337.322573
 337.426123
 337.334847
 337.357168
 337.339809
 337.365127
 337.365127
 337.574141
 337.816037
 337.792700
 338.267995
 338.348456
 339.408473
 339.408473
 339.051247
 338.974561
 339.066998
 339.353244
 339.414760
 339.416253
 338.989216
 339.014759
 338.997717
 338.455921
 338.865524
 338.865524
 339.012275
 339.012275
 339.379715
 339.383219
 339.383219
 339.383219
 339.419464
 339.529080
 339.488632
 339.488965
 339.475827
 339.474893
 339.643570
 339.602057
 339.603314
 339.925215
 340.092272
 340.468892
 340.509009
 335.910698
 336.133965
 336.250021
 335.942155
 335.976929
 335.976929
 335.979618
 335.964741
 335.947191
 334.814936
 334.545179
 334.575798
 334.617034
 334.617034
 334.716015
 334.716015
 334.716015
 334.779202
 334.754108
 334.804720
 334.804720
 334.804720
 334.804720
 334.866854
 334.868944
 334.868944
 334.868944
 334.868944
 334.868944
 334.868944
 334.868944
 334.810963
 337.194558
 337.238717
 337.238717
 337.238717
 337.212545
 337.212545
 337.235617
 337.490839
 337.490839
 337.490855
 337.490855
 337.611015
 337.611015
 337.772950
 337.790189
 337.261646
 337.265080
 337.316566
 337.308035
 337.316686
 336.201608
 336.193643
 336.521350
 336.243297
 336.243297
 336.184164
 336.184164
 336.184164
 336.184164
 336.184164
 336.777548
 336.794122
 337.469330
 337.487816
 337.487816
 337.526302
 337.862648
 337.874214
 337.874214
 337.874272
 338.181284
 337.952875
 337.907102
 337.521530
 337.561994
 337.564398
 337.564398
 337.577543
 337.577543
 337.577543
 337.577543
 337.731120
 337.731120
 337.755143
 337.755143
 337.712035
 337.711287
 337.709022
 337.651360
 337.651360
 337.697527
 337.994631
 337.994631
 337.994503
 337.994503
 337.991084
 338.144426
 339.039481
 338.872773
 338.872773
 338.858032
 339.117978
 339.590036
 339.616874
 339.619075
 339.616919
 339.617894
 339.617894
 339.616050
 339.616050
 339.619589
 339.627672
 339.627672
 340.574063
 341.575735
 341.575735
 341.550219
 341.286134
 341.286134
 341.286012
 341.329231
 341.318203
 341.325586
 341.326294
 341.347649
 341.140574
 341.111953
 341.111953
 341.111953
 341.111953
 341.171995
 341.652525
 341.408361
 341.408361
 341.409551
 341.409551
 341.409551
 341.409551
 341.439838
 341.462009
 341.462009
 341.469532
 341.491872
 341.490293
 340.811873
 340.724761
 340.724761
 339.110154
 339.124522
 339.142634
 339.142634
 339.141169
 339.141169
 339.258211
 339.258211
 339.258211
 339.258211
 339.258211
 339.258890
 339.256986
 339.242986
 339.242986
 339.242986
 339.237615
 339.259532
 339.259613
 338.935553
 338.935553
 338.935553
 338.935553
 338.935553
 338.759815
 338.748294
 338.750392
 338.910287
 338.910287
 338.910287
 339.446998
 339.568385
 339.558609
 337.282557
 337.293003
 336.724318
 336.722456
 336.624413
 336.610861
 336.432304
 336.454304
 336.451214
 336.451214
 336.451214
 336.451214
 336.593645
 336.593645
 336.594375
 336.594375
 336.594578
 336.650765
 336.515180
 336.515180
 336.510357
 336.510399
 336.438668
 336.500182
 336.511499
 336.626629
 336.626629
 336.439328
 336.439328
 336.505192
 336.505192
 336.574924
 336.574924
 336.676510
 336.722915
 336.722515
 336.711442
 336.711442
 337.006761
 337.006761
 337.006761
 336.909014
 336.978974
 333.364303
 327.856627
 327.856627
 328.362705
 328.330791
 328.330804
 328.354802
 327.945634
 324.434510
 324.751198
 324.751198
 325.003978
 325.003978
 324.991464
 324.939361
 324.977225
 324.987975
 324.987975
 325.309185
 325.309185
 325.267627
 325.268292
 325.258146
 324.430892
 324.427595
 324.438829
 324.438829
 326.179833
 326.175196
 326.432557
 326.120432
 326.120432
 326.120432
 326.120432
 326.120432
 326.127416
 326.155604
 326.155800
 326.136902
 326.136902
 326.083672
 326.083672
 326.085044
 325.906893
 327.730170
 327.696348
 328.186061
 328.386399
 326.860269
 326.856134
 326.960368
 326.873903
 326.873903
 326.873903
 326.870408
 326.870408
 326.885898
 326.885898
 326.885898
 326.885898
 326.885898
 326.885898
 327.030542
 327.030542
 327.030542
 327.030947
 327.031047
 326.995618
 326.931549
 326.949242
 327.106774
 327.106774
 327.106774
 327.106774
 326.923242
 326.939707
 326.939707
 326.939707
 326.939213
 326.939118
 326.939118
 326.938442
 327.321963
 327.371261
 327.596326
 327.581446
 327.581162
 327.581162
 327.576746
 327.576746
 327.579793
 327.582308
 327.582308
 327.582308
 327.582308
 327.454480
 327.436907
 327.457523
 327.457523
 327.457523
 327.457523
 327.498512
 327.534271
 327.521749
 327.559743
 327.516345
 327.516345
 327.519008
 327.778153
 327.778153
 327.911892
 327.859777
 327.859777
 327.859777
 327.702436
 327.562402
 326.166503
 326.318188
 326.298136
 326.298136
 326.282911
 326.282911
 326.191150
 326.191150
 326.304402
 326.304402
 326.302797
 326.306797
 326.294187
 326.293856
 326.293856
 326.293856
 326.294100
 326.403053
 326.403123
 326.403123
 326.402415
 326.401689
 326.401689
 326.401689
 326.433489
 326.431866
 326.721055
 326.721055
 326.721055
 326.662975
 326.662975
 326.668870
 326.680744
 326.680744
 326.680744
 326.729330
 326.729330
 326.729330
 326.729330
 326.743024
 326.714934
 326.715361
 326.696659
 326.696659
 326.696659
 326.696659
 326.696659
 326.696411
 326.696497
 326.696497
 326.696497
 325.353709
 325.341214
 325.418864
 325.442429
 325.413459
 326.117762
 326.117762
 326.117762
 326.117762
 326.117762
 326.117726
 326.119024
 326.119024
 326.102728
 325.765078
 325.744550
 325.744550
 325.716098
 325.732290
 325.734114
 325.547778
 325.557460
 325.557460
 325.557460
 325.525764
 325.525764
 325.525764
 325.528750
 325.528750
 325.528750
 325.528750
 325.349397
 325.349397
 325.580492
 325.580492
 325.581950
 325.591644
 325.613067
 325.600301
 325.600301
 325.593086
 325.541792
 325.541792
 325.605177
 325.605177
 325.616116
 326.209181
 326.208074
 326.208074
 326.208074
 326.211756
 326.214103
 326.205261
 326.205261
 326.218063
 326.218063
 326.218063
 326.210753
 326.289457
 326.328573
 326.328573
 326.324802
 326.324802
 326.312455
 326.297694
 326.297362
 326.302675
 326.302675
 326.302675
 326.302675
 326.289637
 326.363355
 326.363355
 326.345254
 326.345254
 326.343891
 326.362051
 326.356521
 326.356521
 326.340543
 326.340543
 326.336089
 326.336089
 326.289892
 326.289892
 326.289892
 326.269596
 326.281433
 326.281433
 326.281433
 326.281433
 326.289009
 326.251731
 326.250196
 326.519875
 326.470893
 326.482475
 326.435141
 326.435141
 326.435141
 326.434896
 326.434896
 326.434896
 326.409034
 326.409034
 326.409034
 326.461794
 326.511836
 326.485329
 326.408902
 326.408902
 326.407200
 326.425804
 326.363590
 326.363590
 326.324426
 326.274411
 326.260741
 326.182351
 326.182351
 326.186593
 326.186593
 326.529719
 326.371631
 326.371631
 326.776218
 326.776218
 326.679342
 326.485237
 326.485237
 328.456049
 328.554412
 328.554412
 328.626841
 329.036440
 329.036440
 329.040966
 329.040966
 329.404064
 329.404064
 329.398076
 329.441649
 329.441649
 329.441649
 329.409295
 329.409295
 329.347440
 329.346959
 329.320835
 329.320835
 329.320835
 329.440257
 329.440257
 329.526161
 329.526161
 329.526161
 329.536724
 329.536724
 329.536724
 329.667128
 329.614424
 329.614424
 329.614424
 329.733368
 329.733368
 329.733368
 329.733368
 329.682640
 329.682640
 329.682640
 329.847886
 329.847886
 329.848286
 329.848286
 329.848286
 329.848286
 329.848286
 329.848286
 329.848286
 329.848286
 329.806283
 329.806283
 330.090010
 329.793291
 329.825621
 329.825621
 329.825621
 329.735725
 329.771658
 329.771658
 329.806911
 329.802118
 329.633165
 329.633165
 329.633165
 329.618058
 329.626969
 329.626969
 329.626969
 329.844768
 329.868195
 329.868195
 329.868195
 329.868195
 329.948370
 329.948370
 329.948370
 329.948370
 329.948370
 329.948370
 329.948370
 329.946452
 329.946452
 329.968900
 329.947626
 329.929849
 329.821544
 329.821902
 329.821902
 329.599305
 329.599305
 329.599579
 329.597979
 329.641196
 330.707464
 330.601549
 330.601549
 330.611487
 330.646148
 330.646148
 330.646148
 330.657088
 330.682764
 330.682989
 330.887926
 330.792253
 330.794605
 330.794901
 330.794901
 330.798303
 330.798303
 330.790135
 331.368964
 331.505121
 331.568443
 331.587189
 331.147649
 331.147649
 331.147578
 331.147758
 331.147758
 331.147758
 331.147758
 331.146840
 331.183474
 331.183474
 331.367337
 331.367337
 331.371933
 331.355379
 331.355379
 331.398310
 331.398310
 331.426724
 331.426724
 331.426278
 331.475401
 331.475401
 331.222060
 331.222060
 331.222060
 331.066724
 331.066724
 330.823274
 330.785023
 330.785023
 330.785023
 331.045134
 330.627862
 330.629701
 330.629701
 330.651241
 330.711631
 330.711631
 330.711631
 330.746714
 330.746733
 330.746733
 330.766750
 330.766750
 330.766750
 330.766750
 330.766750
 330.766063
 331.164721
 331.103221
 331.116151
 331.116151
 331.116151
 331.116151
 331.116151
 331.088348
 331.088348
 331.151790
 331.156807
 331.157373
 331.204634
 331.204436
 331.204235
 331.204235
 331.204235
 331.204235
 331.274965
 331.274965
 331.274965
 331.111889
 331.008541
 331.008541
 331.008869
 331.008869
 331.008869
 331.110721
 331.168671
 331.118913
 331.242048
 331.242048
 331.242615
 331.238159
 331.234337
 331.234337
 331.234337
 331.234337
 331.247427
 331.246565
 331.246565
 331.258641
 331.258641
 331.300413
 331.225635
 331.236251
 331.236251
 331.297854
 331.279950
 331.308219
 331.191391
 331.193774
 331.193774
 331.193774
 331.184660
 331.183580
 331.183580
 331.183580
 331.183580
 331.094960
 331.094960
 331.101334
 331.042833
 331.042833
 331.042833
 331.148190
 331.068556
 330.780169
 330.779756
 330.779756
 330.779756
 330.779756
 330.732645
 330.747735
 330.747735
 330.747735
 330.747735
 330.736269
 330.736269
 330.736269
 330.761027
 330.761027
 330.759747
 330.759691
 330.759691
 330.746509
 330.734166
 330.729092
 330.729092
 330.729092
 330.727748
 330.721409
 330.721409
 330.732992
 330.734287
 330.738159
 330.738159
 330.785986
 330.757049
 330.668918
 330.669734
 330.669734
 330.669734
 330.669619
 330.669619
 330.669619
 330.669619
 330.663843
 330.663843
 330.515486
 330.512235
 330.512235
 330.512235
 330.477069
 330.477069
 330.535652
 330.533256
 330.534535
 330.423168
 330.423211
 330.423211
 330.423211
 330.419008
 330.371843
 330.372583
 330.375325
 330.377065
 330.363740
 330.610248
 330.610248
 330.622744
 330.622744
 330.622744
 330.622744
 330.641033
 330.699428
 330.717580
 330.733568
 330.733417
 330.733417
 330.733417
 330.733417
 330.733417
 330.747138
 330.706084
 330.706084
 330.706084
 330.711146
 330.482639
 330.482639
 330.482639
 330.440899
 330.440899
 330.440899
 330.535805
 330.507309
 330.502590
 330.498019
 330.498019
 330.486790
 330.486790
 330.509391
 330.509391
 330.509617
 330.509617
 330.509617
 330.510156
 330.510156
 330.510156
 330.510156
 330.510156
 330.501461
 330.501461
 330.501461
 330.580618
 330.575808
 330.569637
 330.569637
 330.580123
 330.210181
 330.210181
 330.210181
 330.248023
 330.302329
 330.302329
 330.302329
 330.302329
 330.302329
 330.309804
 330.309804
 325.767317
 325.775098
 325.775098
 325.775098
 325.775098
 325.785664
 325.785664
 325.950602
 325.936259
 325.936259
 325.936259
 325.938052
 325.944199
 325.944199
 325.858526
 325.858103
 325.858103
 325.858103
 325.858103
 325.866189
 325.871507
 325.871507
 325.898170
 325.900034
 325.927242
 325.927242
 325.930813
 325.909851
 325.909851
 325.909851
 325.909851
 325.909851
 325.909851
 325.909851
 325.907091
 325.907091
 325.907091
 325.907091
 325.907091
 325.909817
 325.909788
 325.909788
 325.923704
 325.923704
 325.573702
 325.580665
 325.580665
 325.544722
 325.545700
 325.545468
 325.545468
 325.536533
 325.573942
 325.518884
 325.510494
 325.510494
 325.510494
 325.510494
 325.509753
 325.511192
 325.454482
 325.435288
 324.989877
 324.996774
 325.010551
 325.010551
 325.009759
 325.008973
 324.998123
 324.998123
 324.998123
 324.998123
 325.285793
 325.292666
 325.281089
 325.281089
 325.281073
 325.207042
 325.207042
 325.207042
 325.196991
 325.203533
 325.201849
 325.259810
 325.259744
 325.208207
 325.208207
 325.208207
 325.197566
 325.197566
 325.197402
 325.201761
 325.188024
 325.190454
 325.256465
 325.256465
 322.911031
 322.909334
 322.909334
 322.387892
 322.323952
 322.308806
 322.335532
 322.335532
 322.006001
 322.021412
 322.024992
 322.027103
 322.000866
 322.000866
 322.000866
 322.000593
 322.000464
 322.003472
 322.003472
 322.003472
 322.023838
 322.023838
 322.023838
 322.023815
 322.046888
 322.046888
 322.012552
 322.052664
 322.052834
 322.052834
 322.052834
 322.052834
 322.052834
 322.049560
 322.036132
 322.036132
 322.078651
 322.078651
 322.078651
 322.078651
 322.078651
 322.058147
 322.058147
 322.058147
 322.057749
 322.097413
 322.097876
 321.963764
 321.963764
 321.963764
 321.924761
 322.000797
 322.000797
 322.000797
 322.000797
 322.000421
 322.000421
 322.046291
 322.046291
 321.625403
 321.684828
 321.684828
 322.216831
 322.191508
 322.199233
 322.194523
 322.187785
 322.187785
 322.188176
 322.184231
 322.183173
 322.191453
 322.196584
 322.194493
 322.213320
 322.213320
 322.297901
 322.297901
 322.297901
 322.400420
 322.428062
 322.428062
 322.428062
 322.428062
 322.432323
 322.432323
 322.432323
 322.432323
 322.432323
 322.429084
 322.433455
 322.426017
 322.426017
 322.536415
 322.535104
 322.535101
 322.535101
 322.535101
 322.535101
 322.810023
 322.761554
 322.763256
 322.763256
 322.866344
 322.400020
 322.440258
 322.432707
 322.289393
 322.263617
 322.263617
 322.271117
 322.258238
 322.264601
 