shade_wo_archive, std
4911.909293
 4153.752080
 2524.000468
 1865.712907
 1714.031026
 1290.251602
 1084.287584
 904.662361
 588.771694
 552.413103
 511.515118
 471.676788
 445.009440
 376.851236
 287.420158
 281.338629
 268.963059
 259.155662
 196.292659
 180.934782
 170.546202
 154.909822
 117.274553
 87.354837
 84.913986
 82.721737
 83.934806
 74.626599
 68.514020
 55.567366
 41.579261
 35.531973
 33.574221
 34.921449
 34.729078
 31.502483
 27.522922
 24.020079
 21.411072
 19.589978
 19.325642
 17.665843
 15.605768
 14.144162
 14.049961
 12.205948
 12.092831
 11.117490
 11.068224
 9.880801
 9.210733
 8.948985
 7.256468
 7.397162
 6.657986
 6.453390
 5.440108
 5.199146
 5.166675
 5.404851
 5.128152
 4.711125
 4.643418
 3.197715
 2.517640
 2.538694
 2.523688
 2.430788
 2.046628
 1.901435
 1.614503
 1.142103
 1.115769
 1.109831
 1.133883
 1.020645
 1.015196
 1.019383
 0.829846
 0.810823
 0.743428
 0.798765
 0.643719
 0.582141
 0.544939
 0.449550
 0.441318
 0.416167
 0.375223
 0.364161
 0.282650
 0.227625
 0.223051
 0.222513
 0.207786
 0.193735
 0.168829
 0.174884
 0.170331
 0.148766
 0.153917
 0.139382
 0.121765
 0.122829
 0.106090
 0.109771
 0.096789
 0.097738
 0.102076
 0.103288
 0.099391
 0.088580
 0.081491
 0.081768
 0.082353
 0.071953
 0.061557
 0.065252
 0.063954
 0.059591
 0.060643
 0.056461
 0.061224
 0.057280
 0.051907
 0.051445
 0.053150
 0.052307
 0.051718
 0.051689
 0.050891
 0.050489
 0.049768
 0.048545
 0.046703
 0.046891
 0.044806
 0.046030
 0.043851
 0.049622
 0.049367
 0.049079
 0.048888
 0.047764
 0.047483
 0.046514
 0.052508
 0.052508
 0.051535
 0.051239
 0.050587
 0.050356
 0.054296
 0.054291
 0.054335
 0.053933
 0.055136
 0.053645
 0.053262
 0.054650
 0.054450
 0.054385
 0.062362
 0.062362
 0.062377
 0.062806
 0.065298
 0.070476
 0.070476
 0.070307
 0.069954
 0.069954
 0.072625
 0.072099
 0.071726
 0.071726
 0.070639
 0.073868
 0.073425
 0.073425
 0.073425
 0.073415
 0.073410
 0.073800
 0.073551
 0.073107
 0.072890
 0.075541
 0.075406
 0.075304
 0.074865
 0.074699
 0.074619
 0.074617
 0.073189
 0.072920
 0.072920
 0.072920
 0.072799
 0.073261
 0.074216
 0.074216
 0.075242
 0.075242
 0.074886
 0.079948
 0.087582
 0.087582
 0.086565
 0.088954
 0.088954
 0.088917
 0.089039
 0.093518
 0.093831
 0.094696
 0.096712
 0.103507
 0.103387
 0.105319
 0.110760
 0.110539
 0.110203
 0.109618
 0.109618
 0.109554
 0.112250
 0.111763
 0.111636
 0.119508
 0.119508
 0.122272
 0.122697
 0.122734
 0.122734
 0.124977
 0.125952
 0.125798
 0.125665
 0.125264
 0.125196
 0.123934
 0.123557
 0.124398
 0.124655
 0.125780
 0.123689
 0.123689
 0.125365
 0.125353
 0.128590
 0.127561
 0.127534
 0.132925
 0.132377
 0.132705
 0.136089
 0.136320
 0.136198
 0.145096
 0.145754
 0.145347
 0.145347
 0.145269
 0.145272
 0.144785
 0.143415
 0.144638
 0.146064
 0.147477
 0.147735
 0.150249
 0.153044
 0.154319
 0.151815
 0.151409
 0.151317
 0.151077
 0.158925
 0.158796
 0.158643
 0.158375
 0.158203
 0.159658
 0.158638
 0.157666
 0.159889
 0.166484
 0.166736
 0.165637
 0.165684
 0.165484
 0.165094
 0.165094
 0.166210
 0.166298
 0.165994
 0.166896
 0.168333
 0.172383
 0.172856
 0.172825
 0.172572
 0.179890
 0.179918
 0.180876
 0.179141
 0.179290
 0.180022
 0.185024
 0.183687
 0.184346
 0.183641
 0.184416
 0.184900
 0.185106
 0.185069
 0.184997
 0.185251
 0.186807
 0.188993
 0.187790
 0.187461
 0.186980
 0.186053
 0.186156
 0.186299
 0.186067
 0.186122
 0.186082
 0.186911
 0.186684
 0.186091
 0.185734
 0.185856
 0.186716
 0.188453
 0.189752
 0.188605
 0.183570
 0.184128
 0.182596
 0.183698
 0.183045
 0.183657
 0.183710
 0.185865
 0.185508
 0.185434
 0.185434
 0.184689
 0.185269
 0.182095
 0.181719
 0.184644
 0.184644
 0.184644
 0.184393
 0.184624
 0.185108
 0.185700
 0.187093
 0.187201
 0.186982
 0.185139
 0.184669
 0.189770
 0.190583
 0.190567
 0.190858
 0.191470
 0.190646
 0.191560
 0.191591
 0.191313
 0.191160
 0.188732
 0.187416
 0.187416
 0.187394
 0.187440
 0.187490
 0.188733
 0.188570
 0.188852
 0.189009
 0.188643
 0.188668
 0.187525
 0.186590
 0.187709
 0.189209
 0.188996
 0.189452
 0.189452
 0.189542
 0.189474
 0.189435
 0.188445
 0.189077
 0.188919
 0.190067
 0.191198
 0.190532
 0.191695
 0.192390
 0.193649
 0.192872
 0.193102
 0.193815
 0.193907
 0.193928
 0.190556
 0.190459
 0.190164
 0.188858
 0.185814
 0.184248
 0.184112
 0.183879
 0.183879
 0.182722
 0.182530
 0.183725
 0.183626
 0.184322
 0.187752
 0.188184
 0.188350
 0.187499
 0.187303
 0.187488
 0.188091
 0.187054
 0.186890
 0.183742
 0.183898
 0.184727
 0.184683
 0.184901
 0.184901
 0.185010
 0.184744
 0.184744
 0.184589
 0.184589
 0.183429
 0.184348
 0.184618
 0.184453
 0.184046
 0.185335
 0.185839
 0.185993
 0.183532
 0.183176
 0.183176
 0.183176
 0.183543
 0.183543
 0.183768
 0.183768
 0.182333
 0.182034
 0.182098
 0.182217
 0.182412
 0.182412
 0.182564
 0.182375
 0.182158
 0.181221
 0.181158
 0.183127
 0.184799
 0.184002
 0.184027
 0.184316
 0.184295
 0.184295
 0.183865
 0.181586
 0.182365
 0.182689
 0.183655
 0.183502
 0.183725
 0.179217
 0.178554
 0.178575
 0.178382
 0.177890
 0.179551
 0.179384
 0.179264
 0.179235
 0.178941
 0.179845
 0.179845
 0.180786
 0.180786
 0.180874
 0.180605
 0.180562
 0.180654
 0.180253
 0.180669
 0.180430
 0.180546
 0.180507
 0.180509
 0.179686
 0.178244
 0.175598
 0.175669
 0.174897
 0.175456
 0.175838
 0.175737
 0.175575
 0.174357
 0.173491
 0.173890
 0.174509
 0.174451
 0.174476
 0.172916
 0.172127
 0.172223
 0.172664
 0.173457
 0.173574
 0.173900
 0.174108
 0.174219
 0.174423
 0.174879
 0.174985
 0.174172
 0.174126
 0.174126
 0.174723
 0.174110
 0.174341
 0.174419
 0.174429
 0.174455
 0.172862
 0.173107
 0.173854
 0.173034
 0.172981
 0.173099
 0.173222
 0.173231
 0.173299
 0.170941
 0.170815
 0.170717
 0.170750
 0.170630
 0.170699
 0.171147
 0.170840
 0.170814
 0.171597
 0.171592
 0.171737
 0.171659
 0.172954
 0.172928
 0.172810
 0.173163
 0.173241
 0.173880
 0.174415
 0.173311
 0.173311
 0.173406
 0.173873
 0.173748
 0.174204
 0.174149
 0.174173
 0.174173
 0.174166
 0.173671
 0.173777
 0.174194
 0.175316
 0.175876
 0.175637
 0.175986
 0.173800
 0.174050
 0.174887
 0.174887
 0.174940
 0.174940
 0.174748
 0.175617
 0.176369
 0.176594
 0.176596
 0.176715
 0.176502
 0.176451
 0.177000
 0.176836
 0.176998
 0.177231
 0.177382
 0.177268
 0.177268
 0.176163
 0.176270
 0.176709
 0.175133
 0.174191
 0.174068
 0.173247
 0.172612
 0.172576
 0.173082
 0.173255
 0.172657
 0.172584
 0.173193
 0.173183
 0.173148
 0.173094
 0.172683
 0.172667
 0.172789
 0.172789
 0.172791
 0.172531
 0.172900
 0.172922
 0.172912
 0.173058
 0.172791
 0.172720
 0.172527
 0.172812
 0.172815
 0.172871
 0.172342
 0.172756
 0.170129
 0.169549
 0.169902
 0.168955
 0.168990
 0.169009
 0.168993
 0.168382
 0.168439
 0.168495
 0.168762
 0.168681
 0.168798
 0.168225
 0.168668
 0.168567
 0.168722
 0.168936
 0.168909
 0.168929
 0.168735
 0.165762
 0.165799
 0.165713
 0.165752
 0.165752
 0.166189
 0.166450
 0.166356
 0.166093
 0.165809
 0.165809
 0.165818
 0.165724
 0.165739
 0.165414
 0.165441
 0.165566
 0.166695
 0.166949
 0.167187
 0.167187
 0.166909
 0.166554
 0.165604
 0.165806
 0.165685
 0.165739
 0.166026
 0.166026
 0.166380
 0.166380
 0.166476
 0.166136
 0.166019
 0.165833
 0.165833
 0.165657
 0.165682
 0.165779
 0.165887
 0.165821
 0.165835
 0.165342
 0.165334
 0.165166
 0.165015
 0.165067
 0.163393
 0.163375
 0.163436
 0.163739
 0.163613
 0.164068
 0.164096
 0.164164
 0.164128
 0.164215
 0.164340
 0.163211
 0.163211
 0.156873
 0.157128
 0.157128
 0.156751
 0.157534
 0.157714
 0.157708
 0.156395
 0.156473
 0.155901
 0.155909
 0.155962
 0.155481
 0.154965
 0.154928
 0.154936
 0.154938
 0.154911
 0.154543
 0.155252
 0.155388
 0.155804
 0.156239
 0.156695
 0.156710
 0.156733
 0.156738
 0.156932
 0.156901
 0.157035
 0.157104
 0.157627
 0.157642
 0.157421
 0.157707
 0.157763
 0.157775
 0.156631
 0.156633
 0.156633
 0.155950
 0.155969
 0.155955
 0.156024
 0.152579
 0.153196
 0.153251
 0.153654
 0.153596
 0.153580
 0.153814
 0.154033
 0.154010
 0.153816
 0.153816
 0.153881
 0.153887
 0.153945
 0.154149
 0.154189
 0.154757
 0.154629
 0.154629
 0.155084
 0.155097
 0.155159
 0.155244
 0.155224
 0.155308
 0.155401
 0.155480
 0.155345
 0.155290
 0.155296
 0.154126
 0.154379
 0.154375
 0.154190
 0.153814
 0.154079
 0.153391
 0.153418
 0.153057
 0.152140
 0.152188
 0.151981
 0.151956
 0.152074
 0.151980
 0.151669
 0.151608
 0.151622
 0.151495
 0.150925
 0.151002
 0.151001
 0.150223
 0.150188
 0.150254
 0.150218
 0.149023
 0.149025
 0.148223
 0.148252
 0.148055
 0.148032
 0.147915
 0.148215
 0.148176
 0.148282
 0.148284
 0.148252
 0.148407
 0.148346
 0.148355
 0.148366
 0.148290
 0.148370
 0.148591
 0.148643
 0.148658
 0.148661
 0.148557
 0.148558
 0.147605
 0.147411
 0.147517
 0.147459
 0.147398
 0.146326
 0.146137
 0.146143
 0.145718
 0.145726
 0.146175
 0.146135
 0.146081
 0.146096
 0.145766
 0.139224
 0.139239
 0.139345
 0.139373
 0.138598
 0.138499
 0.138549
 0.138553
 0.137881
 0.130924
 0.130939
 0.130896
 0.131358
 0.131376
 0.131408
 0.130964
 0.131011
 0.130942
 0.131083
 0.131049
 0.131143
 0.131253
 0.131753
 0.131880
 0.131912
 0.130366
 0.130366
 0.130362
 0.130362
 0.130567
 0.130562
 0.130105
 0.130130
 0.130067
 0.130068
 0.130367
 0.130250
 0.130009
 0.130084
 0.130126
 0.130133
 0.130109
 0.130110
 0.130121
 0.130119
 0.130169
 0.130180
 0.129728
 0.129563
 0.129281
 0.129281
 0.128931
 0.128927
 0.128484
 0.128472
 0.128485
 0.128533
 0.128378
 0.128463
 0.128489
 0.128474
 0.128537
 0.128388
 0.128446
 0.128499
 0.126891
 0.126837
 0.126155
 0.125606
 0.125609
 0.122707
 0.122506
 0.122496
 0.118384
 0.118385
 0.118410
 0.118464
 0.118957
 0.119015
 0.119058
 0.118978
 0.119011
 0.119061
 0.119093
 0.119084
 0.118725
 0.118752
 0.118794
 0.118372
 0.118371
 0.118375
 0.118301
 0.118279
 0.118278
 0.118308
 0.118348
 0.118353
 0.118334
 0.118338
 0.118263
 0.118209
 0.118166
 0.118137
 0.118204
 0.117902
 0.118218
 0.118215
 0.118215
 0.118210
 0.118215
 0.118554
 0.118769
 0.118769
 0.118776
 0.118776
 0.118776
 0.118822
 0.118777
 0.119031
 0.119034
 0.119173
 0.119193
 0.119193
 0.119227
 0.119249
 0.119249
 0.119242
 0.119234
 0.119234
 0.119234
 0.119234
 0.119241
 0.119337
 0.118889
 0.118901
 0.118977
 0.118632
 0.118640
 0.118647
 0.118587
 0.118844
 0.118811
 0.118987
 0.118984
 0.118996
 0.118866
 0.118863
 0.118908
 0.118981
 0.119022
 0.119017
 0.119022
 0.119012
 0.119030
 0.118957
 0.118793
 0.118921
 0.118912
 0.118856
 0.118065
 0.118077
 0.118077
 0.118092
 0.117711
 0.117438
 0.117504
 0.117449
 0.117447
 0.117445
 0.117318
 0.117318
 0.117361
 0.117451
 0.117480
 0.117480
 0.117501
 0.117520
 0.117617
 0.117640
 0.117675
 0.117711
 0.117885
 0.117877
 0.117819
 0.117915
 0.117916
 0.117301
 0.116892
 0.116892
 0.115739
 0.115773
 0.115773
 0.115756
 0.115812
 0.115708
 0.115705
 0.115570
 0.115570
 0.115566
 0.115673
 0.115682
 0.115683
 0.115602
 0.115610
 0.115505
 0.115021
 0.115021
 0.115021
 0.104304
 0.104304
 0.104310
 0.104259
 0.104253
 0.104262
 0.104280
 0.104283
 0.104310
 0.104310
 0.104326
 0.104358
 0.103962
 0.104180
 0.103921
 0.103973
 0.103998
 0.103998
 0.104132
 0.104176
 0.104071
 0.104077
 0.104121
 0.104075
 0.104022
 0.103869
 0.103845
 0.103843
 0.103912
 0.103912
 0.103936
 0.103930
 0.103908
 0.103757
 0.103795
 0.103804
 0.103822
 0.103857
 0.100399
 0.100432
 0.100432
 0.100432
 0.100336
 0.099538
 0.099464
 0.099464
 0.099467
 0.097934
 0.097934
 0.097513
 0.097533
 0.097533
 0.097567
 0.097572
 0.097572
 0.097620
 0.097614
 0.097614
 0.097445
 0.097455
 0.097452
 0.097455
 0.097420
 0.097328
 0.097348
 0.097370
 0.097497
 0.097513
 0.097539
 0.097575
 0.097581
 0.097626
 0.097618
 0.097618
 0.097618
 0.097622
 0.096876
 0.096573
 0.096573
 0.096573
 0.096516
 0.096458
 0.096455
 0.096463
 0.096463
 0.096382
 0.096398
 0.096398
 0.096396
 0.096389
 0.096375
 0.096178
 0.096302
 0.096305
 0.096318
 0.096272
 0.095532
 0.095544
 0.095544
 0.095567
 0.095556
 0.095301
 0.095301
 0.095303
 0.095334
 0.095351
 0.095351
 0.095360
 0.095379
 0.095379
 0.095378
 0.095380
 0.095380
 0.095273
 0.095330
 0.095334
 0.095343
 0.095343
 0.095343
 0.095334
 0.095324
 0.095254
 0.095220
 0.095217
 0.095219
 0.095233
 0.095229
 0.095241
 0.095254
 0.095007
 0.095006
 0.095077
 0.095126
 0.091326
 0.090687
 0.090691
 0.090690
 0.090690
 0.090823
 0.090830
 0.090830
 0.090830
 0.090833
 0.090283
 0.090253
 0.090285
 0.090286
 0.090281
 0.090270
 0.090276
 0.090287
 0.090303
 0.089999
 0.089997
 0.090004
 0.090011
 0.089999
 0.090013
 0.090013
 0.090004
 0.089985
 0.089790
 0.089790
 0.089789
 0.089686
 0.089688
 0.089699
 0.089686
 0.089602
 0.089508
 0.089508
 0.089547
 0.089730
 0.089730
 0.089432
 0.089432
 0.089402
 0.089426
 0.089428
 0.089428
 0.089344
 0.088453
 0.088451
 0.088447
 0.088438
 0.088408
 0.088476
 0.088480
 0.088500
 0.088340
 0.088336
 0.088340
 0.088345
 0.088498
 0.088493
 0.088494
 0.088491
 0.088438
 0.088493
 0.088491
 0.088504
 0.088506
 0.088506
 0.087866
 0.087782
 0.087799
 0.087723
 0.087753
 0.087753
 0.087740
 0.087654
 0.087677
 0.087678
 0.087634
 0.087506
 0.087291
 0.087298
 0.087302
 0.087302
 0.087319
 0.087219
 0.087234
 0.087234
 0.087241
 0.087182
 0.087217
 0.087155
 0.087155
 0.087161
 0.087110
 0.087107
 0.086386
 0.086303
 0.086303
 0.086299
 0.086300
 0.086290
 0.086270
 0.086270
 0.086299
 0.086257
 0.086257
 0.086304
 0.086297
 0.086297
 0.086297
 0.086300
 0.086300
 0.086311
 0.086272
 0.086278
 0.086277
 0.086298
 0.086286
 0.086289
 0.086296
 0.085912
 0.085478
 0.085482
 0.085380
 0.085352
 0.085272
 0.085299
 0.085299
 0.085301
 0.085301
 0.085316
 0.085333
 0.085253
 0.085255
 0.085248
 0.085273
 0.085260
 0.085087
 0.085045
 0.085045
 0.085010
 0.085010
 0.085011
 0.085017
 0.085002
 0.085005
 0.085005
 0.085001
 0.085000
 0.084974
 0.084953
 0.084946
 0.084943
 0.084939
 0.084955
 0.084955
 0.083122
 0.083096
 0.083097
 0.083103
 0.083105
 0.083105
 0.083109
 0.083109
 0.083110
 0.083110
 0.082618
 0.082616
 0.082544
 0.082545
 0.082579
 0.082597
 0.082589
 0.082053
 0.082055
 0.082052
 0.082102
 0.082102
 0.082102
 0.082079
 0.082079
 0.082081
 0.082181
 0.082182
 0.082185
 0.082164
 0.082132
 0.082132
 0.081538
 0.081545
 0.081525
 0.081525
 0.081534
 0.081534
 0.081535
 0.081489
 0.081544
 0.081512
 0.081504
 0.081241
 0.081254
 0.081263
 0.081263
 0.081263
 0.081277
 0.081253
 0.081253
 0.081253
 0.081253
 0.081271
 0.081271
 0.081271
 0.081271
 0.081281
 0.081266
 0.081266
 0.081234
 0.081234
 0.081234
 0.080347
 0.080333
 0.080284
 0.080284
 0.080283
 0.080283
 0.080285
 0.080285
 0.080281
 0.080278
 0.080264
 0.080264
 0.080264
 0.080250
 0.080256
 0.080218
 0.080218
 0.080218
 0.080218
 0.080120
 0.080166
 0.080164
 0.080164
 0.080147
 0.080217
 0.080232
 0.080235
 0.080235
 0.080235
 0.080235
 0.080235
 0.080229
 0.080228
 0.080245
 0.080252
 0.080235
 0.080235
 0.080236
 0.080241
 0.080275
 0.080262
 0.080262
 0.080263
 0.080287
 0.080287
 0.080232
 0.080232
 0.080230
 0.080225
 0.080239
 0.080201
 0.080099
 0.080099
 0.080125
 0.080121
 0.080123
 0.080130
 0.080130
 0.080197
 0.080197
 0.080197
 0.080215
 0.080215
 0.080230
 0.080223
 0.080226
 0.080217
 0.080232
 0.080241
 0.080242
 0.080232
 0.080236
 0.080238
 0.080239
 0.080241
 0.080241
 0.080246
 0.080241
 0.080245
 0.079848
 0.079848
 0.079852
 0.079852
 0.079853
 0.079854
 0.079865
 0.079865
 0.079865
 0.079865
 0.079865
 0.079834
 0.079834
 0.079852
 0.079839
 0.079840
 0.079840
 0.079858
 0.079858
 0.079858
 0.079860
 0.079875
 0.079884
 0.079849
 0.079556
 0.079568
 0.079564
 0.079582
 0.079580
 0.079580
 0.079585
 0.079599
 0.079599
 0.079598
 0.079265
 0.078925
 0.078900
 0.078900
 0.078942
 0.078888
 0.078892
 0.078897
 0.078886
 0.078886
 0.078889
 0.078890
 0.078889
 0.078834
 0.078837
 0.078842
 0.078854
 0.078858
 0.078858
 0.078859
 0.078859
 0.078860
 0.078859
 0.078861
 0.078861
 0.078860
 0.077039
 0.077045
 0.077041
 0.074994
 0.074997
 0.075003
 0.075002
 0.075005
 0.074985
 0.074973
 0.074974
 0.074974
 0.074974
 0.074974
 0.074979
 0.074980
 0.074980
 0.074980
 0.074968
 0.074981
 0.074981
 0.074981
 0.074987
 0.074993
 0.074997
 0.074996
 0.074966
 0.074966
 0.074973
 0.074974
 0.074974
 0.074973
 0.074973
 0.074972
 0.074973
 0.074971
 0.074971
 0.074971
 0.074631
 0.074631
 0.073954
 0.073954
 0.073964
 0.073968
 0.073969
 0.073980
 0.073980
 0.073981
 0.073981
 0.073983
 0.073987
 0.073959
 0.073975
 0.073976
 0.073975
 0.073984
 0.073984
 0.073985
 0.073985
 0.073988
 0.074054
 0.074054
 0.074036
 0.074035
 0.074035
 0.074033
 0.073983
 0.074019
 0.074019
 0.073955
 0.073995
 0.073995
 0.073995
 0.074006
 0.074013
 0.074012
 0.074011
 0.074011
 0.074014
 0.074014
 0.074005
 0.074012
 0.074012
 0.074009
 0.073785
 0.073793
 0.073284
 0.073279
 0.073275
 0.073276
 0.073275
 0.073275
 0.073274
 0.073277
 0.073281
 0.073283
 0.073285
 0.073284
 0.073306
 0.073337
 0.073329
 0.073329
 0.073334
 0.073334
 0.073334
 0.073335
 0.073335
 0.073336
 0.073006
 0.073024
 0.073024
 0.073024
 0.073024
 0.072923
 0.072923
 0.070975
 0.070788
 0.070779
 0.070779
 0.070779
 0.070765
 0.070765
 0.070765
 0.070765
 0.070761
 0.070771
 0.070772
 0.070772
 0.070773
 0.070775
 0.070515
 0.070515
 0.070528
 0.070535
 0.070536
 0.070536
 0.070537
 0.070537
 0.070536
 0.070507
 0.070485
 0.070483
 0.070449
 0.070116
 0.070116
 0.070125
 0.070125
 0.070125
 0.070121
 0.069378
 0.069338
 0.069338
 0.069340
 0.069346
 0.069349
 0.069349
 0.069334
 0.069335
 0.069353
 0.069353
 0.068968
 0.068969
 0.068973
 0.068961
 0.068961
 0.068937
 0.068939
 0.068936
 0.068846
 0.068846
 0.068846
 0.068843
 0.068843
 0.068842
 0.068842
 0.068757
 0.068757
 0.068757
 0.068757
 0.068757
 0.068757
 0.068762
 0.068767
 0.068770
 0.068770
 0.068770
 0.068770
 0.068772
 0.068414
 0.068414
 0.068411
 0.068411
 0.068388
 0.068388
 0.068407
 0.068411
 0.068412
 0.068412
 0.068412
 0.068412
 0.068373
 0.068372
 0.068390
 0.068394
 0.068396
 0.068396
 0.068396
 0.068398
 0.068396
 0.068368
 0.068368
 0.068368
 0.068351
 0.068352
 0.068351
 0.067951
 0.067951
 0.067961
 0.067962
 0.067962
 0.067694
 0.067706
 0.067661
 0.067661
 0.067665
 0.067667
 0.067670
 0.067670
 0.067670
 0.067670
 0.067670
 0.067677
 0.067677
 0.067706
 0.067563
 0.067563
 0.067563
 0.067563
 0.067563
 0.067586
 0.067447
 0.067429
 0.067429
 0.067429
 0.067429
 0.067429
 0.067431
 0.067431
 0.067436
 0.067436
 0.067439
 0.067439
 0.067440
 0.067437
 0.067437
 0.067437
 0.067437
 0.067439
 0.067359
 0.067361
 0.067362
 0.067363
 0.067363
 0.067362
 0.067362
 0.067364
 0.067367
 0.067364
 0.067364
 0.067364
 0.067364
 0.067364
 0.067365
 0.067262
 0.067262
 0.067262
 0.067221
 0.067221
 0.067221
 0.067224
 0.067227
 0.067217
 0.067227
 0.067229
 0.067233
 0.067152
 0.067129
 0.067125
 0.067125
 0.067126
 0.067126
 0.067126
 0.067126
 0.067126
 0.067132
 0.067133
 0.067132
 0.067132
 0.067133
 0.067134
 0.067134
 0.067135
 0.067135
 0.067167
 0.067167
 0.067167
 0.067157
 0.067157
 0.067160
 0.067160
 0.067160
 0.067160
 0.067160
 0.067162
 0.067162
 0.067162
 0.067162
 0.067163
 0.067163
 0.067163
 0.067051
 0.067048
 0.067000
 0.065797
 0.065788
 0.065789
 0.065789
 0.065786
 0.065778
 0.065778
 0.065769
 0.065742
 0.065742
 0.065742
 0.065743
 0.065719
 0.065718
 0.065711
 0.065711
 0.065713
 0.065713
 0.065715
 0.065717
 0.065717
 0.065717
 0.065719
 0.065714
 0.065714
 0.065714
 0.065714
 0.065713
 0.065713
 0.065713
 0.065723
 0.065723
 0.065739
 0.065739
 0.065733
 0.065730
 0.065730
 0.065729
 0.065729
 0.065690
 0.065690
 0.065694
 0.065695
 0.065696
 0.065699
 0.065699
 0.065699
 0.065699
 0.065701
 0.065703
 0.065695
 0.065699
 0.065699
 0.065698
 0.065698
 0.065674
 0.065674
 0.065674
 0.065674
 0.065675
 0.065674
 0.065674
 0.065677
 0.065664
 0.065663
 0.065663
 0.065659
 0.065659
 0.065661
 0.065661
 0.065654
 0.065654
 0.065644
 0.065644
 0.065645
 0.065645
 0.065645
 0.065645
 0.065645
 0.065645
 0.065645
 0.065585
 0.065586
 0.065586
 0.065586
 0.065570
 0.065571
 0.065572
 0.065573
 0.064763
 0.064775
 0.064779
 0.064779
 0.064779
 0.064779
 0.064780
 0.064781
 0.064782
 0.064780
 0.064774
 0.064770
 0.064770
 0.064771
 0.064771
 0.064774
 43
 000
 00000
  