shade_wo_archive, std
645.552040
 547.551456
 493.386335
 479.118615
 480.635932
 469.857191
 431.016581
 403.785987
 401.446398
 396.350445
 393.585788
 393.965911
 427.929382
 424.318478
 418.509159
 401.755085
 390.962348
 386.163965
 384.533936
 376.471436
 360.557762
 360.557762
 351.210508
 341.396086
 337.477184
 330.138963
 332.616640
 322.857709
 342.814722
 340.044033
 337.350763
 345.143519
 334.227818
 330.619166
 328.147695
 327.514881
 334.112624
 331.026796
 321.756892
 320.011738
 312.951075
 311.421081
 321.014829
 325.591736
 330.091662
 324.707452
 344.336356
 342.265201
 343.988053
 337.217571
 340.742280
 340.086607
 337.197380
 331.799392
 317.161634
 314.052641
 334.137414
 335.279622
 335.279622
 335.708530
 341.228827
 340.681193
 338.142717
 338.974910
 339.542528
 349.331171
 349.280162
 347.435344
 342.505597
 322.622393
 320.092871
 320.313879
 321.281540
 317.732012
 316.750491
 300.714037
 292.491996
 299.472117
 295.688598
 295.688598
 294.436536
 289.183332
 287.511317
 288.418813
 286.405576
 285.995141
 293.835058
 294.026083
 302.720022
 303.987326
 313.220749
 313.220749
 313.152831
 314.264492
 314.118924
 316.762247
 318.163792
 317.873165
 317.851740
 321.497566
 321.840161
 328.000997
 329.786688
 332.894540
 333.068454
 324.128437
 324.128437
 333.977962
 328.580878
 328.580878
 325.226530
 343.019077
 340.697242
 340.040186
 340.338386
 345.943916
 345.943916
 344.758586
 340.471123
 340.471123
 343.164772
 343.164772
 343.164772
 337.867652
 337.867652
 337.867652
 337.146204
 337.149207
 338.419745
 333.800382
 339.559053
 339.590975
 332.743172
 332.743172
 330.926301
 334.818825
 341.048223
 341.814068
 341.814068
 335.396181
 331.538409
 331.538409
 329.080536
 329.080536
 329.080536
 323.584678
 325.179936
 343.876780
 343.876780
 343.876780
 344.871371
 344.871371
 340.745691
 340.745691
 340.745691
 340.745691
 352.128842
 352.128842
 348.969264
 343.205606
 344.228051
 351.547229
 351.399270
 351.399270
 355.183542
 355.068251
 355.068251
 352.012260
 362.001343
 357.591737
 359.925639
 358.387796
 358.387796
 366.778539
 368.289653
 365.497806
 365.497806
 370.062585
 369.938859
 365.028297
 366.275541
 373.289227
 373.289227
 373.289227
 374.038274
 374.038274
 375.058703
 375.058703
 379.380262
 377.623808
 369.772434
 366.484430
 366.484430
 366.438445
 367.446804
 367.446804
 367.402736
 367.475173
 367.624674
 370.118700
 364.471848
 364.428859
 363.737837
 362.811262
 374.979421
 374.979421
 374.222978
 368.319571
 368.529855
 368.538342
 367.854769
 366.049753
 366.013085
 366.492033
 362.677896
 366.840035
 365.216788
 352.586625
 350.111341
 346.801335
 347.185597
 346.796129
 354.109374
 354.109374
 355.819956
 356.930853
 358.046915
 350.454631
 350.454631
 352.045094
 349.514083
 349.514083
 343.487756
 342.981161
 342.981161
 343.170717
 342.421476
 342.863223
 358.065665
 350.458930
 348.395853
 347.850343
 347.834241
 341.118747
 339.962158
 340.517982
 344.949537
 344.949537
 330.125849
 330.329086
 328.594412
 332.127026
 333.117636
 341.574101
 340.857507
 340.948199
 339.948003
 341.935615
 341.983901
 341.548011
 342.400184
 342.700524
 342.700524
 342.883613
 342.811930
 344.196759
 339.897330
 339.431877
 336.526286
 337.155456
 338.554758
 340.109032
 343.664467
 345.864362
 345.864362
 341.785009
 332.244392
 339.908833
 342.357495
 345.231173
 346.381774
 342.984613
 342.527410
 334.330273
 333.051106
 330.213600
 335.098692
 334.101754
 347.707349
 346.403194
 345.203153
 345.203153
 340.869122
 338.689084
 339.621696
 339.871348
 343.460971
 345.002646
 347.453785
 340.337520
 344.345490
 343.473569
 343.779808
 343.669490
 347.383296
 347.931792
 342.358876
 334.192896
 334.192896
 338.337253
 340.485741
 345.824324
 347.502111
 348.467443
 349.676518
 349.718981
 349.687286
 350.689068
 352.756586
 352.985069
 341.870879
 342.050013
 345.065109
 345.065109
 337.051454
 324.813943
 324.813943
 325.380440
 319.033462
 321.401600
 316.856734
 317.805246
 317.810407
 318.010644
 317.479996
 315.328158
 316.624078
 316.952650
 322.902578
 317.138800
 316.365762
 315.828195
 313.717417
 311.619588
 300.929199
 290.412765
 283.404400
 282.145981
 285.422440
 285.506671
 286.354845
 289.489302
 292.785557
 286.259226
 286.363009
 282.363229
 281.461029
 279.472945
 280.681385
 284.162695
 276.696329
 278.610021
 277.299322
 277.299322
 274.939279
 274.060516
 272.891463
 276.337210
 276.885779
 277.245016
 279.082253
 279.535028
 280.021362
 285.076605
 287.679234
 288.959970
 282.385048
 288.302092
 289.262637
 291.547575
 293.742440
 293.742440
 289.719006
 293.652953
 293.652953
 295.102611
 294.658057
 293.395097
 293.933991
 292.459430
 285.357902
 285.448219
 283.378107
 283.378107
 283.378107
 283.871821
 282.672017
 284.775222
 288.950284
 292.098666
 292.173341
 289.307463
 283.755806
 279.578032
 279.570318
 275.318311
 275.778463
 274.561514
 275.915840
 274.472323
 272.551993
 272.739992
 268.598809
 267.920060
 267.938255
 272.454870
 272.134792
 271.691320
 270.919784
 270.258423
 270.322208
 265.188898
 265.376858
 259.860073
 259.881600
 262.343510
 262.928362
 262.789533
 262.622042
 259.363159
 259.363159
 258.179411
 257.289601
 257.176221
 256.788429
 256.319249
 256.422730
 246.937875
 246.937875
 248.811375
 248.811375
 250.205149
 250.205149
 250.180425
 250.301775
 251.568518
 252.552557
 249.732581
 249.732581
 249.867972
 249.173778
 248.099033
 244.982764
 247.980762
 247.343098
 247.407092
 248.832058
 248.830559
 240.602820
 241.387083
 240.383295
 242.592354
 242.097942
 242.690076
 242.690076
 242.816351
 242.824823
 242.982233
 247.204173
 247.204173
 243.542675
 244.022520
 242.121009
 242.576857
 243.371242
 245.326247
 245.199376
 245.453736
 246.186370
 245.641779
 246.682077
 247.057853
 247.034347
 247.043234
 246.930169
 245.443275
 246.795529
 246.697261
 247.344930
 236.868713
 236.989420
 236.856637
 236.886206
 236.622620
 236.484204
 236.435852
 235.974666
 235.697870
 236.009030
 236.980126
 236.680151
 236.910803
 236.942454
 240.434920
 235.626735
 235.594856
 229.705012
 229.715180
 223.378155
 223.571175
 223.773895
 220.671524
 221.169065
 220.957753
 220.327199
 220.175891
 218.513036
 220.860878
 221.029831
 215.247085
 205.578822
 205.578822
 205.924507
 207.664562
 207.755501
 207.829053
 208.074247
 208.023767
 208.249048
 204.785058
 203.162439
 204.334588
 204.334588
 204.266717
 204.663084
 200.377813
 201.607755
 202.394543
 202.848408
 203.679614
 204.216391
 204.249283
 203.663691
 199.769595
 194.915412
 194.635292
 195.240215
 195.756042
 187.690156
 186.533319
 190.029167
 190.203350
 190.815273
 190.815273
 191.112820
 191.764766
 191.964088
 192.004464
 191.162181
 189.482733
 188.418386
 188.492462
 188.463091
 188.460275
 189.791556
 190.196466
 189.436661
 188.262872
 189.793504
 190.060909
 190.437676
 190.437676
 190.634099
 190.738220
 190.075112
 189.329907
 189.329907
 189.359788
 190.904640
 191.420305
 192.789444
 192.789444
 192.813422
 192.680377
 192.721121
 192.692977
 192.692977
 194.088116
 194.058858
 191.772624
 191.772624
 189.581318
 188.167242
 188.901849
 188.551600
 189.113331
 188.659033
 188.702633
 188.673167
 188.673167
 188.779979
 188.874582
 189.508845
 189.510591
 188.244251
 188.288906
 186.543174
 185.533542
 185.171985
 185.373020
 185.527975
 185.527975
 186.364217
 186.364217
 184.237115
 184.272967
 184.471354
 184.963478
 183.233543
 183.233543
 183.233543
 182.812819
 183.832005
 183.855630
 184.382046
 184.516743
 184.540834
 184.574330
 184.629554
 184.606735
 184.831399
 184.831399
 184.834323
 185.213421
 186.067942
 186.086217
 186.141158
 186.787018
 187.250533
 187.250533
 187.275760
 187.275760
 186.704967
 186.845111
 183.898637
 183.989418
 184.005015
 183.197092
 182.943643
 182.904495
 182.926843
 182.926843
 182.915976
 183.034143
 183.034143
 182.219151
 181.796008
 181.851933
 181.904051
 182.160382
 182.078445
 183.625026
 183.375149
 181.984924
 182.463964
 182.463964
 183.024593
 183.024593
 183.038689
 183.507940
 183.976299
 181.963489
 180.707815
 180.686901
 180.369146
 180.442758
 180.312802
 180.052342
 180.052342
 180.632458
 180.878946
 180.951432
 180.951432
 181.009991
 181.634825
 181.634825
 181.764621
 181.764621
 179.352794
 179.709346
 178.926583
 178.951316
 176.936846
 175.927360
 175.855224
 175.697879
 175.697879
 176.170504
 176.396502
 176.396502
 176.387311
 176.398035
 176.411982
 176.679588
 176.654426
 176.678438
 176.677427
 176.712251
 176.712251
 176.712251
 176.709852
 176.598446
 175.403601
 174.593234
 174.661166
 174.661166
 174.958004
 175.232792
 174.223058
 174.247279
 174.572799
 174.572799
 175.499708
 175.691413
 175.691413
 174.923181
 174.923181
 175.447336
 175.201271
 175.212067
 175.207220
 175.363690
 175.810879
 175.646907
 176.043829
 176.373028
 176.591751
 176.119236
 174.251808
 172.378087
 172.552503
 172.786292
 173.033721
 173.109607
 174.010427
 173.984589
 173.806919
 174.001151
 174.126404
 174.124102
 174.124102
 174.243518
 174.384067
 174.384067
 173.371855
 173.494571
 173.847524
 173.085170
 172.658423
 172.486534
 172.512120
 172.574258
 171.442349
 171.600441
 170.872882
 170.872882
 170.910962
 171.166310
 171.187630
 171.193425
 169.243729
 169.243729
 169.446847
 169.292843
 169.164514
 169.217352
 168.995030
 169.401917
 167.310918
 165.807603
 165.877414
 165.877414
 165.730621
 165.871690
 165.147482
 165.628266
 161.044250
 161.202118
 159.807455
 159.799507
 158.743415
 158.743415
 158.738936
 158.489600
 158.770541
 158.795678
 159.323433
 159.290660
 159.384144
 159.472383
 158.725223
 158.975891
 158.993191
 159.252268
 159.609540
 159.931273
 160.150829
 160.236020
 160.367228
 160.375359
 160.895266
 161.290108
 161.290108
 161.290108
 161.290124
 161.312928
 161.315557
 161.331524
 161.332912
 160.891042
 161.005863
 161.260425
 161.366906
 161.393911
 162.326939
 162.743502
 162.780909
 162.953387
 163.091951
 163.100538
 160.860643
 161.070994
 160.844124
 161.098592
 161.145612
 161.217404
 161.464110
 161.212473
 161.230816
 158.884080
 158.483314
 158.576173
 158.563617
 158.607311
 158.426130
 158.966945
 159.048323
 159.071041
 159.071041
 158.969927
 159.318965
 159.223169
 159.223169
 158.752071
 158.436252
 158.483740
 158.483740
 158.609498
 158.584535
 158.417504
 156.788737
 156.589991
 156.099061
 156.147663
 156.147663
 156.147663
 156.312403
 156.442825
 156.579667
 156.556728
 156.415885
 156.133332
 156.150917
 156.427167
 156.635121
 156.635121
 156.646802
 156.493138
 156.493138
 155.937241
 155.538329
 155.538329
 154.961192
 154.800627
 154.877382
 154.791902
 154.345156
 154.346204
 154.432489
 154.402025
 153.764937
 153.697234
 153.885089
 153.946895
 153.854376
 153.892752
 153.962196
 153.962615
 154.053630
 154.070891
 153.574373
 153.409656
 151.420560
 151.476590
 151.256818
 151.257606
 151.253231
 149.012404
 149.075628
 149.023185
 149.023185
 149.247295
 148.923924
 149.028608
 149.141584
 149.323322
 149.315471
 149.319963
 149.324627
 149.333924
 149.439142
 148.973092
 148.490769
 148.552657
 149.109530
 147.874882
 147.939338
 147.956485
 147.943645
 147.991209
 147.441017
 147.628013
 147.934040
 148.266979
 147.817685
 148.120636
 148.110953
 148.116162
 147.566803
 147.590580
 147.659386
 147.530239
 147.145080
 147.265312
 147.266584
 147.421187
 147.453608
 147.104199
 147.127501
 147.131251
 147.139474
 147.167295
 146.417243
 146.578023
 146.598981
 145.684381
 145.613739
 145.612041
 145.654998
 145.660510
 145.371169
 145.374899
 145.674206
 145.654686
 145.672221
 145.509181
 145.518249
 145.238286
 145.510280
 145.533656
 145.454248
 145.490801
 145.570317
 145.585659
 145.723616
 145.723616
 145.527504
 145.664565
 145.664565
 145.707719
 145.790386
 145.829108
 145.829108
 145.171143
 145.185869
 145.185869
 145.204811
 145.204811
 145.204811
 145.177496
 145.114376
 145.191313
 145.051980
 144.771858
 144.833840
 144.833840
 144.833840
 135.596189
 135.829233
 135.858660
 135.884021
 135.879013
 135.892993
 136.086773
 136.101352
 136.104896
 136.115777
 136.122489
 136.125377
 136.155846
 136.195250
 136.199834
 136.352223
 136.344548
 136.501295
 136.489836
 136.211450
 136.173239
 135.750307
 135.842733
 135.854187
 135.913096
 134.707056
 134.643970
 134.613798
 134.424654
 134.509497
 134.494659
 134.516510
 134.101770
 134.104870
 133.996670
 133.938719
 133.510196
 133.510382
 133.463781
 132.806377
 131.771696
 131.428806
 131.453215
 131.395088
 131.401084
 131.238340
 131.100622
 131.212391
 130.784070
 130.788978
 130.050934
 129.946066
 129.951744
 128.319946
 128.324738
 128.336175
 128.289973
 128.296624
 128.310011
 128.254229
 128.262839
 128.243841
 128.271462
 127.914234
 128.034422
 128.185632
 127.652999
 127.039593
 126.205713
 126.242236
 126.272518
 126.274254
 126.218026
 126.232705
 126.241209
 126.104071
 126.268264
 125.616479
 125.369898
 125.396595
 125.396782
 125.389074
 125.397731
 125.476745
 125.483440
 125.511826
 124.885042
 124.885139
 124.895724
 124.897069
 124.924165
 124.918329
 124.940258
 124.980610
 124.989181
 124.925860
 124.931884
 124.406887
 124.149593
 120.765296
 120.778775
 119.966239
 119.979680
 120.002302
 120.008298
 119.575133
 112.887857
 112.904595
 112.910096
 113.053551
 112.868949
 112.622397
 112.631314
 112.609175
 112.314405
 111.301147
 111.125532
 111.049653
 110.965953
 110.976348
 110.946305
 109.152889
 109.156162
 109.176767
 109.169917
 109.224183
 109.236619
 109.224832
 109.237504
 109.106651
 109.130538
 109.154084
 109.154936
 109.165612
 109.173548
 109.262134
 109.222923
 109.225177
 109.323328
 109.251650
 109.256552
 109.217094
 108.923662
 108.939636
 108.939809
 109.004730
 109.030633
 109.057158
 108.782996
 108.778572
 108.782815
 108.512226
 108.512226
 108.096930
 107.870610
 107.861776
 107.286195
 107.316754
 107.372952
 107.066930
 107.046518
 107.035640
 107.081981
 107.083649
 107.083727
 107.093460
 106.517264
 106.520851
 106.521542
 106.405637
 104.948641
 104.949270
 103.611336
 103.604466
 103.482772
 103.534991
 103.517484
 103.517588
 103.476013
 103.481246
 103.495366
 103.631240
 103.601432
 103.360410
 103.363624
 103.341980
 103.358394
 103.368826
 103.037204
 102.896749
 102.886964
 102.799872
 102.714464
 102.539520
 102.594953
 102.510599
 102.435781
 102.448269
 102.446892
 102.446923
 102.211585
 102.213611
 101.626676
 101.596879
 101.429541
 101.434088
 101.445502
 101.445502
 101.458913
 101.460357
 101.466019
 101.545903
 101.185359
 101.188042
 101.152562
 101.142312
 101.168349
 101.141025
 101.145357
 101.149227
 101.151617
 101.138151
 101.039308
 101.031471
 101.124886
 101.126793
 101.128843
 100.884620
 100.854796
 100.433166
 100.458206
 100.459719
 100.459789
 100.461767
 100.468815
 100.471238
 100.464092
 100.326980
 100.332853
 100.332853
 100.334797
 100.198541
 99.898750
 99.899042
 99.385142
 99.357439
 99.351518
 99.290427
 99.290629
 99.239993
 98.904493
 98.869506
 98.835304
 98.837349
 98.837719
 98.810427
 98.445877
 98.446706
 98.424363
 98.338264
 98.339921
 97.865914
 97.865084
 97.865798
 97.865830
 97.596478
 97.581033
 97.584367
 97.413057
 97.413573
 97.414259
 97.414692
 97.415787
 97.415326
 97.371670
 97.371760
 97.352646
 97.273033
 96.958015
 96.958228
 96.853699
 96.854160
 94.519169
 94.519240
 94.519163
 94.519170
 94.497390
 94.450832
 94.451083
 94.450769
 94.436535
 94.432771
 94.433163
 94.348506
 94.339662
 94.302767
 94.211275
 94.211458
 94.212004
 94.207586
 94.182501
 94.164292
 94.135520
 94.135684
 94.135713
 94.013610
 93.913470
 93.910652
 93.905156
 93.880782
 93.876079
 93.875669
 93.872296
 93.872423
 93.872692
 93.867060
 93.866954
 93.867077
 93.847682
 93.847732
 93.847052
 93.840741
 93.840780
 93.837876
 93.837995
 93.797339
 93.797374
 93.796378
 93.622337
 93.619452
 93.616432
 93.616477
 93.614794
 93.566534
 93.566602
 93.555029
 93.555141
 93.463260
 93.457649
 93.457757
 93.457740
 93.453019
 93.453038
 93.440877
 93.440809
 93.378886
 93.378914
 93.183965
 93.181244
 93.181531
 93.179435
 93.179487
 93.136007
 93.136037
 93.136144
 93.063181
 93.020870
 92.982528
 92.804522
 92.800921
 92.800197
 92.800215
 92.799438
 92.799453
 92.787425
 93.154851
 93.153806
 92.980645
 92.979415
 92.979426
 92.792766
 92.788794
 92.788822
 92.788859
 92.788862
 92.788075
 91.899098
 91.608929
 91.603355
 91.600545
 91.599008
 91.598124
 91.598134
 91.598035
 91.598040
 91.597920
 91.596946
 91.596848
 91.596118
 91.596118
 91.595580
 91.266041
 91.261621
 91.253134
 91.253139
 91.217619
 91.216757
 91.216759
 91.215493
 91.214196
 91.214031
 91.155266
 91.153345
 90.986530
 90.983529
 90.982340
 90.982236
 90.982244
 90.981934
 90.981835
 90.980293
 90.977359
 90.977360
 90.977362
 90.977362
 90.976714
 90.976718
 90.976613
 90.449252
 90.278339
 90.278342
 90.278247
 90.278252
 90.268572
 90.268581
 90.268582
 90.237069
 90.236826
 90.236709
 90.236716
 90.236719
 90.236722
 90.230367
 90.229428
 90.217541
 90.217545
 90.217544
 90.130624
 90.126797
 90.124664
 90.124664
 90.124723
 90.124655
 90.123563
 90.122406
 90.103943
 90.125420
 90.125423
 90.125475
 90.124487
 90.124487
 90.124488
 90.124386
 90.124375
 90.163016
 90.162275
 90.162275
 90.160868
 90.147364
 90.147364
 90.147316
 90.143717
 90.139028
 90.110691
 90.110343
 90.109575
 90.108762
 90.108762
 90.108769
 90.108770
 90.120298
 90.111220
 90.111221
 90.107565
 90.105479
 90.106391
 90.106370
 90.106352
 90.106137
 90.106138
 90.104835
 90.104835
 90.104317
 90.093888
 88.590525
 88.590525
 88.590526
 88.586107
 88.585435
 88.585435
 88.579619
 88.578555
 88.578556
 88.578520
 88.572751
 86.810917
 86.809146
 86.804465
 86.800067
 86.799920
 86.798773
 86.798781
 86.798781
 86.798781
 86.798781
 86.798781
 86.797055
 86.795621
 86.795621
 86.795621
 86.795621
 86.795152
 86.794718
 86.794718
 86.794718
 86.794707
 86.794356
 86.794356
 86.783473
 86.782649
 86.782434
 86.782218
 86.782038
 86.779584
 86.779584
 86.779584
 86.779584
 86.779584
 86.779584
 86.779129
 86.778551
 86.778397
 86.778269
 86.777311
 86.776529
 86.775604
 86.775604
 86.774959
 86.772560
 86.772560
 86.772474
 86.772475
 86.772475
 86.772475
 86.771906
 86.771901
 86.771847
 86.771845
 86.770177
 86.769648
 86.769648
 86.769648
 84.487261
 84.449382
 84.449382
 84.467831
 82.319959
 79.910704
 79.552640
 79.551670
 79.551670
 79.551675
 76.690374
 75.855452
 75.858502
 75.856533
 75.856531
 75.856531
 75.984835
 75.984835
 75.984835
 72.602104
 72.602120
 72.602121
 72.600917
 72.600917
 72.600917
 72.600917
 72.600920
 72.600848
 72.600413
 67.627236
 67.627171
 67.627171
 67.627171
 67.627012
 67.626682
 67.626682
 67.626682
 67.626643
 66.322064
 66.322064
 66.322064
 66.322064
 66.322064
 66.321788
 66.321788
 66.321788
 66.321402
 61.576352
 61.576352
 61.576352
 61.576127
 61.575775
 61.575775
 61.575775
 61.575775
 61.575775
 61.575666
 61.575666
 61.575666
 61.575663
 61.575663
 61.575663
 61.575663
 61.575663
 61.575663
 61.575663
 61.575663
 60.088964
 60.088964
 60.088964
 60.088964
 60.088964
 60.088964
 60.088964
 60.088964
 58.702596
 54.338587
 54.338706
 54.338721
 54.338725
 47.567739
 47.567739
 47.567703
 47.567703
 47.567703
 47.567703
 47.567703
 39.249065
 39.249065
 28.040880
 28.040880
 28.040880
 28.040880
 28.040880
 28.040880
 28.040880
 28.040880
 28.040880
 28.040880
 28.040880
 28.040880
 28.040880
 28.040880
 28.040880
 28.040880
 28.040880
 28.040880
 0.000000
 0.000000
 0.000000
 0.000000
 0.000000
 0.000000
 0.000000
 0.000000
 0.000000
 0.000000
 0.000000
 0.000000
 0.000000
 0.000000
 0.000000
 0.000000
 0.000000
 0.000000
 0.000000
 0.000000
 0.000000
 0.000000
 0.000000
 0.000000
 0.000000
 0.000000
 0.000000
 0.000000
 0.000000
 0.000000
 0.000000
 0.000000
 0.000000
 0.000000
 0.000000
 0.000000
 0.000000
 0.000000
 0.000000
 0.000000
 0.000000
 0.000000
 0.000000
 0.000000
 0.000000
 0.000000
 0.000000
 0.000000
 0.000000
 0.000000
 0.000000
 0.000000
 0.000000
 0.000000
 0.000000
 0.000000
 0.000000
 0.000000
 0.000000
 0.000000
 0.000000
 0.000000
 0.000000
 0.000000
 0.000000
 0.000000
 0.000000
 0.000000
 0.000000
 0.000000
 0.000000
 0.000000
 0.000000
 0.000000
 0.000000
 0.000000
 0.000000
 0.000000
 0.000000
 0.000000
 0.000000
 0.000000
 0.000000
 0.000000
 0.000000
 0.000000
 0.000000
 0.000000
 0.000000
 0.000000
 0.000000
 0.000000
 0.000000
 0.000000
 0.000000
 0.000000
 0.000000
 0.000000
 0.000000
 0.000000
 0.000000
 0.000000
 0.000000
 0.000000
 0.000000
 0.000000
 0.000000
 0.000000
 0.000000
 0.000000
 0.000000
 0.000000
 0.000000
 0.000000
 0.000000
 0.000000
 0.000000
 0.000000
 0.000000
 0.000000
 0.000000
 0.000000
 0.000000
 0.000000
 0.000000
 0.000000
 0.000000
 0.000000
 0.000000
 0.000000
 0.000000
 0.000000
 0.000000
 0.000000
 0.000000
 0.000000
 0.000000
 0.000000
 0.000000
 0.000000
 0.000000
 0.000000
 0.000000
 0.000000
 0.000000
 0.000000
 0.000000
 0.000000
 0.000000
 0.000000
 0.000000
 0.000000
 0.000000
 0.000000
 0.000000
 0.000000
 0.000000
 0.000000
 0.000000
 0.000000
 0.000000
 0.000000
 0.000000
 0.000000
 0.000000
 0.000000
 0.000000
 0.000000
 0.000000
 0.000000
 0.000000
 0.000000
 0.000000
 0.000000
 0.000000
 0.000000
 0.000000
 0.000000
 0.000000
 0.000000
 0.000000
 0.000000
 0.000000
 0.000000
 0.000000
 0.000000
 0.000000
 0.000000
 0.000000
 0.000000
 0.000000
 0.000000
 0.000000
 0.000000
 0.000000
 0.000000
 0.000000
 0.000000
 0.000000
 0.000000
 0.000000
 0.000000
 0.000000
 0.000000
 0.000000
 0.000000
 0.000000
 0.000000
 0.000000
 0.000000
 0.000000
 0.000000
 0.000000
 0.000000
 0.000000
 0.000000
 0.000000
 0.000000
 0.000000
 0.000000
 0.000000
 0.000000
 0.000000
 0.000000
 0.000000
 0.000000
 0.000000
 0.000000
 0.000000
 0.000000
 0.000000
 0.000000
 0.000000
 0.000000
 0.000000
 0.000000
 0.000000
 0.000000
 0.000000
 0.000000
 0.000000
 0.000000
 0.000000
 0.000000
 0.000000
 0.000000
 0.000000
 0.000000
 0.000000
 0.000000
 0.000000
 0.000000
 0.000000
 0.000000
 0.000000
 0.000000
 0.000000
 0.000000
 0.000000
 0.000000
 0.000000
 0.000000
 0.000000
 0.000000
 0.000000
 0.000000
 0.000000
 0.000000
 0.000000
 0.000000
 0.000000
 0.000000
 0.000000
 0.000000
 0.000000
 0.000000
 0.000000
 0.000000
 0.000000
 0.000000
 0.000000
 0.000000
 0.000000
 0.000000
 0.000000
 0.000000
 0.000000
 0.000000
 0.000000
 0.000000
 0.000000
 0.000000
 0.000000
 0.000000
 0.000000
 0.000000
 0.000000
 0.000000
 0.000000
 0.000000
 0.000000
 0.000000
 0.000000
 0.000000
 0.000000
 0.000000
 0.000000
 0.000000
 0.000000
 0.000000
 0.000000
 0.000000
 0.000000
 0.000000
 0.000000
 0.000000
 0.000000
 0.000000
 0.000000
 0.000000
 0.000000
 0.000000
 0.000000
 0.000000
 0.000000
 0.000000
 0.000000
 0.000000
 0.000000
 0.000000
 0.000000
 0.000000
 0.000000
 0.000000
 0.000000
 0.000000
 0.000000
 0.000000
 0.000000
 0.000000
 0.000000
 0.000000
 0.000000
 .801249
 76.801249
 76.801249
 76.801249
 76.801248
 76.801243
 76.801243
 76.801239
 76.801233
 76.801233
 76.801233
  62.563470
 62.563470
 62.563470
 62.563463
 62.563463
 62.563463
 62.563265
 56.880906
 56.880898
 56.880898
 56.880760
 56.880760
 56.880760
 0.000000
 0.000000
 0.000000
 0.000000
 0.000000
 0.000000
 0.000000
 0.000000
 0.000000
 0.000000
 0.000000
 0.000000
 0.000000
 0.000000
 0.000000
 0.000000
 0.000000
 0.000000
 0.000000
 0.000000
 0.000000
 0.000000
 0.000000
 0.000000
 0.000000
 0.000000
 0.000000
 0.000000
 0.000000
 0.000000
 0.000000
 0.000000
 0.000000
 0.000000
 0.000000
 0.000000
 0.000000
 0.000000
 .480065
 89.480065
 89.480065
 87.251351
 87.251351
 87.251351
 87.251351
 87.251351
 87.251351
 87.251351
 87.251351
 87.251351
 87.251350
 87.251350
 87.251350
 87.251350
 87.251350
 87.251350
 84.775272
 84.775272
 84.775272
 84.775272
 84.775272
 84.775272
 84.775272
 84.775272
 84.775272
 84.775272
 84.775272
 84.775272
 84.775272
 84.775272
 84.775272
 84.775272
 84.775272
 