shade_wo_archive, std
45149436688891955157053667536176939008.000000
 295151754742925486748821453935738880.000000
 294792853517783131295620005888.000000
 294796977979332147057507958784.000000
 41366063151097305512657551360.000000
 7017683903332166798795603968.000000
 1023571021616639700369408.000000
 274061909590103157637120.000000
 45670021638268624896.000000
 45679186554130620416.000000
 4554555023816698368.000000
 2981281554658697216.000000
 408388022916435.562500
 312275349244107.437500
 282878781673859.875000
 282995571138065.687500
 63745700796573.093750
 344718911587.088135
 46472603777.823273
 44181847935.553703
 29947924041.966377
 26049946725.866772
 15149230119.614643
 14610010305.014265
 13035382776.945738
 11225782004.476976
 8953758926.436083
 8930118457.681797
 8929441788.447567
 8893165608.876663
 8967516286.730801
 2140419547.445628
 1811910691.094056
 1788581869.312150
 1721040299.430233
 1427227539.421083
 1213941363.462302
 1181475938.304100
 851687870.084449
 877019413.389263
 651193189.456265
 672685003.273074
 627932630.671757
 658521323.383358
 636279301.218762
 604354795.041708
 457406698.978986
 404781800.269907
 334314571.812811
 290798028.411410
 264112835.563879
 275641013.856960
 253788142.511803
 229900444.050720
 209903774.671987
 209231636.256908
 201283357.485301
 177091219.338411
 167474836.750693
 155040147.506391
 143028489.325289
 116526859.958799
 110009347.737415
 107364704.247233
 96574006.397698
 93513973.672314
 86780666.171790
 86996357.532858
 79095168.164309
 71176977.006887
 71833777.939129
 63992552.132441
 63909020.188373
 58913219.700339
 57244639.417542
 57862870.172915
 45036374.039765
 39731261.976052
 38792331.549491
 36767006.044942
 34142170.614250
 32986985.623291
 32688158.200350
 29956845.057444
 28812713.110606
 23652136.556441
 23613961.616471
 17297355.437980
 15830515.871529
 12228875.314082
 12137050.363410
 11675906.583487
 10799807.278901
 8007934.958001
 7833129.602438
 7447672.664524
 6333265.560368
 5634869.568658
 5273749.595321
 5324733.646970
 5143140.806388
 5011816.810773
 4419049.522534
 3918707.704515
 3530980.944830
 3468894.839393
 3426472.118733
 3461392.361642
 3473154.755824
 3478906.098796
 3455679.352764
 2236466.852328
 2284859.799792
 2224459.122286
 2377072.657154
 2350377.335352
 2041863.889775
 2007363.374920
 2027138.663797
 1726170.991054
 1596773.984131
 1573942.569080
 1478272.605484
 1413359.598636
 1412667.117261
 1382916.532763
 1398433.342941
 1436249.822366
 1412447.762852
 1414750.378288
 1341866.203570
 1342106.280701
 1346910.611203
 1340848.653559
 1302578.783398
 1260175.055624
 1187593.296751
 1179994.306057
 1164328.411735
 1164329.243013
 1167254.033017
 1168713.434355
 1182477.309075
 862949.866601
 768852.137325
 757834.078992
 758568.520518
 748259.223245
 737705.265672
 724109.813701
 650511.146759
 536462.475066
 538595.817968
 474503.744557
 472162.820240
 460378.777513
 467256.974120
 470366.288437
 465745.608956
 464883.554529
 466762.162932
 459575.180592
 442385.607380
 433101.561791
 437432.732864
 424076.014344
 419761.337104
 422533.992281
 419839.673475
 417667.726534
 371066.440003
 361481.619090
 364133.125918
 332273.086376
 299535.036808
 289375.595224
 288406.541818
 288976.676368
 281285.789139
 245099.303394
 245669.657668
 229842.840068
 231023.318208
 232553.942846
 232448.129696
 234206.950906
 235646.341716
 231351.111325
 231842.617379
 222080.902182
 213906.955010
 215236.418098
 189016.174900
 183308.418673
 184904.376044
 183055.902657
 179437.635529
 178584.252907
 178842.817968
 179021.183107
 179431.440546
 179251.422800
 179310.209282
 179763.777048
 180058.970211
 173644.948620
 142388.502185
 127671.849038
 123704.327985
 123900.554335
 123808.627883
 123951.189557
 106482.447474
 106836.457884
 106975.564132
 104625.017686
 98813.084410
 92566.978377
 87834.895752
 79460.063106
 79721.219505
 78872.744136
 79118.563102
 79254.464084
 67808.540724
 62251.644000
 62297.075854
 62504.128089
 60924.670663
 50670.971869
 32832.530209
 31683.797033
 31755.730328
 31858.989496
 27132.079899
 25624.222146
 21775.128870
 21828.871222
 21324.892049
 21383.992283
 21182.776406
 19319.435597
 19366.640921
 19407.456530
 19454.089651
 19511.986210
 19196.336816
 19160.861300
 19189.606931
 19200.016034
 19252.292633
 19266.297838
 19283.801947
 19310.397454
 19349.821898
 19377.098649
 19144.895574
 19173.737290
 19184.074889
 19036.496220
 19043.414049
 19052.676998
 19073.866408
 19083.649066
 19101.269571
 17143.378989
 17140.271285
 17162.488752
 17171.525158
 17187.375214
 17199.969284
 17210.195137
 17217.737689
 17221.447790
 17236.192297
 17245.168984
 17255.736219
 17265.299849
 17271.868461
 17280.048326
 17284.015850
 17303.384258
 17307.049329
 17310.351266
 17317.528175
 17304.089813
 8645.111707
 8651.105120
 8656.444983
 8662.626438
 8661.430330
 8666.076188
 7115.558251
 7120.953745
 7128.488956
 6803.885337
 6806.616154
 6808.100909
 6809.758502
 6817.288242
 6821.893916
 6824.578125
 6829.233697
 6831.411822
 5214.094804
 5217.441376
 5228.792252
 5232.892992
 5233.463913
 5235.030021
 5233.231729
 5229.834486
 5232.381182
 5234.571179
 5237.079996
 5237.906186
 5239.847047
 5241.811566
 5243.133609
 5244.104527
 5246.488703
 5249.243490
 5253.706595
 5254.609920
 5256.479975
 5257.346095
 5257.902328
 5259.544777
 5261.466849
 5262.129947
 5263.366272
 5232.313139
 5232.598559
 5233.724815
 5234.173075
 5235.131236
 5235.626764
 5237.857211
 5238.414085
 5235.318410
 5236.220355
 5236.810628
 5237.488446
 5237.530912
 5238.234099
 5238.813455
 5239.115273
 5239.755137
 5240.247486
 5240.504176
 5241.235409
 5241.761402
 5241.782999
 5241.104393
 5241.305138
 5241.650435
 5241.975394
 5242.026494
 5238.806056
 5239.430258
 5240.135716
 5240.671412
 5241.021215
 5241.608064
 5242.019813
 5242.235406
 5242.602331
 5243.735796
 5244.227924
 5244.794338
 5245.043928
 5245.142034
 5245.278944
 5245.465450
 5245.642020
 5246.043971
 5246.343888
 5246.475359
 5246.509943
 5246.642245
 5246.726242
 5246.914033
 5247.156874
 5247.338973
 5247.507075
 5247.591458
 5247.664513
 5247.717996
 5247.762582
 5247.811948
 5247.883643
 5247.997307
 5248.122397
 5248.183985
 5248.203926
 5248.289181
 5248.367825
 5248.414515
 5248.435824
 5248.566023
 5248.621016
 5248.624160
 5248.640676
 5248.756003
 5248.766540
 5248.817377
 5248.892744
 5248.967041
 5249.003566
 5249.091885
 5249.182747
 5249.245427
 5249.334376
 5249.338688
 5249.369510
 5249.404521
 5249.458364
 5249.470539
 5249.492667
 5249.510479
 5249.526974
 5248.263232
 5244.481079
 5244.535944
 5245.247608
 5245.255520
 5245.342709
 5245.363314
 5245.369671
 5245.384725
 5245.421516
 5245.449846
 5245.457855
 5245.477525
 5245.485687
 5209.272273
 4926.584741
 4926.587595
 4927.198848
 4927.211136
 4927.217828
 4927.272958
 4927.281386
 4927.293001
 4927.298189
 4927.341812
 4927.384786
 2408.051786
 340.415462
 72.596593
 22.356146
 18.213082
 14.200385
 14.207047
 14.210559
 5.362252
 1.490058
 1.490909
 1.510061
 1.482948
 1.467342
 1.451053
 0.674451
 0.473440
 0.451228
 0.423185
 0.411105
 0.215483
 0.198392
 0.180030
 0.189148
 0.180948
 0.179067
 0.162466
 0.162343
 0.164075
 0.130052
 0.130718
 0.116581
 0.111184
 0.112277
 0.110916
 0.086889
 0.085105
 0.087505
 0.086742
 0.089760
 0.080063
 0.079184
 0.070512
 0.067461
 0.067748
 0.067595
 0.066961
 0.067264
 0.060914
 0.061971
 0.057108
 0.057201
 0.027483
 0.025417
 0.023498
 0.021486
 0.021769
 0.022332
 0.022114
 0.017738
 0.017955
 0.013577
 0.013750
 0.012318
 0.010949
 0.009632
 0.009377
 0.009361
 0.009279
 0.008651
 0.007006
 0.006731
 0.005547
 0.005530
 0.005859
 0.004496
 0.004272
 0.002942
 0.003005
 0.002982
 0.002720
 0.002683
 0.002219
 0.002056
 0.001892
 0.002103
 0.002095
 0.002054
 0.001764
 0.001587
 0.001544
 0.001543
 0.001582
 0.001531
 0.001636
 0.001613
 0.001735
 0.002063
 0.002263
 0.002421
 0.002804
 0.002938
 0.002851
 0.002830
 0.002730
 0.002056
 0.002106
 0.002124
 0.002117
 0.002114
 0.002340
 0.002358
 0.002381
 0.002081
 0.001651
 0.001696
 0.001339
 0.001151
 0.001131
 0.001115
 0.000992
 0.000912
 0.000987
 0.001012
 0.000901
 0.000862
 0.000852
 0.000726
 0.000812
 0.000738
 0.000829
 0.000823
 0.000668
 0.000638
 0.000701
 0.000806
 0.000920
 0.000937
 0.000869
 0.000834
 0.000668
 0.000754
 0.000834
 0.000753
 0.000690
 0.000749
 0.000726
 0.000745
 0.000652
 0.000484
 0.000500
 0.000554
 0.000585
 0.000587
 0.000548
 0.000535
 0.000470
 0.000454
 0.000404
 0.000433
 0.000526
 0.000539
 0.000581
 0.000551
 0.000588
 0.000619
 0.000591
 0.000606
 0.000597
 0.000600
 0.000686
 0.000577
 0.000621
 0.000567
 0.000641
 0.000697
 0.000681
 0.000718
 0.000710
 0.000862
 0.000993
 0.001128
 0.001192
 0.001338
 0.002078
 0.002594
 0.002584
 0.002347
 0.002049
 0.001670
 0.001397
 0.001200
 0.000787
 0.000743
 0.000654
 0.000653
 0.000616
 0.000606
 0.000565
 0.000359
 0.000311
 0.000293
 0.000294
 0.000363
 0.000395
 0.000362
 0.000326
 0.000366
 0.000353
 0.000340
 0.000379
 0.000334
 0.000381
 0.000416
 0.000387
 0.000405
 0.000430
 0.000474
 0.000553
 0.000646
 0.000634
 0.000531
 0.000524
 0.000588
 0.000683
 0.000620
 0.000628
 0.000651
 0.000664
 0.000627
 0.000600
 0.000594
 0.000535
 0.000716
 0.000784
 0.000877
 0.000913
 0.001041
 0.001057
 0.000958
 0.000700
 0.000719
 0.000760
 0.000787
 0.000618
 0.000848
 0.000937
 0.000972
 0.000922
 0.000914
 0.000825
 0.000692
 0.000736
 0.000749
 0.000684
 0.000714
 0.000586
 0.000599
 0.000720
 0.000786
 0.000831
 0.000922
 0.001011
 0.001011
 0.001115
 0.001033
 0.001350
 0.001457
 0.001226
 0.001151
 0.001161
 0.000940
 0.000891
 0.000660
 0.000667
 0.000735
 0.000619
 0.000586
 0.000619
 0.000743
 0.000813
 0.000629
 0.000579
 0.000650
 0.000622
 0.000625
 0.000558
 0.000566
 0.000589
 0.000550
 0.000461
 0.000443
 0.000463
 0.000477
 0.000428
 0.000389
 0.000417
 0.000448
 0.000396
 0.000366
 0.000536
 0.000660
 0.000614
 0.000651
 0.000619
 0.000610
 0.000640
 0.000641
 0.000613
 0.000511
 0.000462
 0.000423
 0.000362
 0.000351
 0.000321
 0.000347
 0.000335
 0.000246
 0.000229
 0.000187
 0.000178
 0.000174
 0.000128
 0.000134
 0.000139
 0.000148
 0.000104
 0.000101
 0.000088
 0.000095
 0.000115
 0.000117
 0.000112
 0.000107
 0.000091
 0.000089
 0.000084
 0.000088
 0.000074
 0.000072
 0.000066
 0.000058
 0.000053
 0.000056
 0.000057
 0.000054
 0.000045
 0.000031
 0.000034
 0.000037
 0.000038
 0.000037
 0.000039
 0.000046
 0.000046
 0.000046
 0.000056
 0.000061
 0.000065
 0.000076
 0.000077
 0.000083
 0.000080
 0.000085
 0.000092
 0.000108
 0.000126
 0.000140
 0.000150
 0.000168
 0.000166
 0.000153
 0.000151
 0.000166
 0.000139
 0.000122
 0.000134
 0.000113
 0.000113
 0.000113
 0.000123
 0.000102
 0.000090
 0.000082
 0.000077
 0.000061
 0.000057
 0.000060
 0.000049
 0.000046
 0.000053
 0.000052
 0.000050
 0.000044
 0.000046
 0.000054
 0.000059
 0.000061
 0.000059
 0.000055
 0.000057
 0.000054
 0.000043
 0.000045
 0.000047
 0.000054
 0.000043
 0.000041
 0.000043
 0.000045
 0.000047
 0.000048
 0.000053
 0.000056
 0.000057
 0.000061
 0.000062
 0.000067
 0.000070
 0.000067
 0.000072
 0.000054
 0.000058
 0.000059
 0.000053
 0.000056
 0.000056
 0.000051
 0.000051
 0.000044
 0.000044
 0.000036
 0.000034
 0.000032
 0.000026
 0.000024
 0.000023
 0.000022
 0.000025
 0.000028
 0.000028
 0.000027
 0.000024
 0.000027
 0.000028
 0.000027
 0.000028
 0.000025
 0.000026
 0.000025
 0.000024
 0.000024
 0.000024
 0.000020
 0.000021
 0.000018
 0.000021
 0.000022
 0.000021
 0.000023
 0.000022
 0.000023
 0.000024
 0.000020
 0.000017
 0.000018
 0.000017
 0.000017
 0.000016
 0.000016
 0.000017
 0.000018
 0.000018
 0.000020
 0.000021
 0.000020
 0.000019
 0.000020
 0.000019
 0.000018
 0.000022
 0.000022
 0.000021
 0.000021
 0.000020
 0.000020
 0.000016
 0.000012
 0.000010
 0.000010
 0.000009
 0.000008
 0.000007
 0.000007
 0.000007
 0.000007
 0.000007
 0.000007
 0.000008
 0.000009
 0.000008
 0.000010
 0.000011
 0.000011
 0.000011
 0.000011
 0.000011
 0.000012
 0.000010
 0.000010
 0.000010
 0.000010
 0.000012
 0.000012
 0.000012
 0.000012
 0.000010
 0.000009
 0.000009
 0.000009
 0.000009
 0.000009
 0.000007
 0.000007
 0.000007
 0.000007
 0.000007
 0.000006
 0.000006
 0.000005
 0.000005
 0.000005
 0.000004
 0.000004
 0.000004
 0.000004
 0.000003
 0.000003
 0.000003
 0.000003
 0.000002
 0.000002
 0.000002
 0.000002
 0.000001
 0.000002
 0.000001
 0.000001
 0.000001
 0.000001
 0.000001
 0.000001
 0.000001
 0.000001
 0.000001
 0.000001
 0.000001
 0.000001
 0.000001
 0.000001
 0.000001
 0.000001
 0.000001
 0.000002
 0.000002
 0.000002
 0.000002
 0.000002
 0.000001
 0.000001
 0.000001
 0.000001
 0.000001
 0.000001
 0.000001
 0.000001
 0.000001
 0.000001
 0.000001
 0.000000
 0.000000
 0.000000
 0.000000
 0.000001
 0.000001
 0.000001
 0.000000
 0.000001
 0.000001
 0.000001
 0.000001
 0.000001
 0.000001
 0.000001
 0.000001
 0.000001
 0.000001
 0.000001
 0.000001
 0.000001
 0.000001
 0.000001
 0.000001
 0.000000
 0.000000
 0.000000
 0.000000
 0.000000
 0.000000
 0.000000
 0.000000
 0.000000
 0.000000
 0.000000
 0.000000
 0.000000
 0.000000
 0.000001
 0.000001
 0.000001
 0.000001
 0.000001
 0.000001
 0.000001
 0.000001
 0.000001
 0.000001
 0.000001
 0.000001
 0.000000
 0.000000
 0.000000
 0.000000
 0.000000
 0.000000
 0.000000
 0.000000
 0.000000
 0.000000
 0.000000
 0.000000
 0.000000
 0.000000
 0.000001
 0.000001
 0.000001
 0.000001
 0.000001
 0.000001
 0.000001
 0.000001
 0.000001
 0.000001
 0.000001
 0.000001
 0.000001
 0.000001
 0.000001
 0.000001
 0.000001
 0.000001
 0.000001
 0.000000
 0.000000
 0.000000
 0.000000
 0.000000
 0.000000
 0.000000
 0.000000
 0.000000
 0.000000
 0.000000
 0.000000
 0.000000
 0.000000
 0.000000
 0.000000
 0.000000
 0.000000
 0.000000
 0.000000
 0.000000
 0.000000
 0.000000
 0.000000
 0.000000
 0.000000
 0.000000
 0.000000
 0.000000
 0.000000
 0.000000
 0.000000
 0.000000
 0.000000
 0.000000
 0.000000
 0.000000
 0.000000
 0.000000
 0.000000
 0.000000
 0.000000
 0.000000
 0.000000
 0.000000
 0.000000
 0.000000
 0.000000
 0.000000
 0.000000
 0.000000
 0.000000
 0.000000
 0.000000
 0.000000
 0.000000
 0.000000
 0.000000
 0.000000
 0.000000
 0.000000
 0.000000
 0.000000
 0.000000
 0.000000
 0.000000
 0.000000
 0.000000
 0.000000
 0.000000
 0.000000
 0.000000
 0.000000
 0.000000
 0.000000
 0.000000
 0.000000
 0.000000
 0.000000
 0.000000
 0.000000
 0.000000
 0.000000
 0.000000
 0.000000
 0.000000
 0.000000
 0.000000
 0.000000
 0.000000
 0.000000
 0.000000
 0.000000
 0.000000
 0.000000
 0.000000
 0.000000
 0.000000
 0.000000
 0.000000
 0.000000
 0.000000
 0.000000
 0.000000
 0.000000
 0.000000
 0.000000
 0.000000
 0.000000
 0.000000
 0.000000
 0.000000
 0.000000
 0.000000
 0.000000
 0.000000
 0.000000
 0.000000
 0.000000
 0.000000
 0.000000
 0.000000
 0.000000
 0.000000
 0.000000
 0.000000
 0.000000
 0.000000
 0.000000
 0.000000
 0.000000
 0.000000
 0.000000
 0.000000
 0.000000
 0.000000
 0.000000
 0.000000
 0.000000
 0.000000
 0.000000
 0.000000
 0.000000
 0.000000
 0.000000
 0.000000
 0.000000
 0.000000
 0.000000
 0.000000
 0.000000
 0.000000
 0.000000
 0.000000
 0.000000
 0.000000
 0.000000
 0.000000
 0.000000
 0.000000
 0.000000
 0.000000
 0.000000
 0.000000
 0.000000
 0.000000
 0.000000
 0.000000
 0.000000
 0.000000
 0.000000
 0.000000
 0.000000
 0.000000
 0.000000
 0.000000
 0.000000
 0.000000
 0.000000
 0.000000
 0.000000
 0.000000
 0.000000
 0.000000
 0.000000
 0.000000
 0.000000
 0.000000
 0.000000
 0.000000
 0.000000
 0.000000
 0.000000
 0.000000
 0.000000
 0.000000
 0.000000
 0.000000
 0.000000
 0.000000
 0.000000
 0.000000
 0.000000
 0.000000
 0.000000
 0.000000
 0.000000
 0.000000
 0.000000
 0.000000
 0.000000
 0.000000
 0.000000
 0.000000
 0.000000
 0.000000
 0.000000
 0.000000
 0.000000
 0.000000
 0.000000
 0.000000
 0.000000
 0.000000
 0.000000
 0.000000
 0.000000
 0.000000
 0.000000
 0.000000
 0.000000
 0.000000
 0.000000
 0.000000
 0.000000
 0.000000
 0.000000
 0.000000
 0.000000
 0.000000
 0.000000
 0.000000
 0.000000
 0.000000
 0.000000
 0.000000
 0.000000
 0.000000
 0.000000
 0.000000
 0.000000
 0.000000
 0.000000
 0.000000
 0.000000
 0.000000
 0.000000
 0.000000
 0.000000
 0.000000
 0.000000
 0.000000
 0.000000
 0.000000
 0.000000
 0.000000
 0.000000
 0.000000
 0.000000
 0.000000
 0.000000
 0.000000
 0.000000
 0.000000
 0.000000
 0.000000
 0.000000
 0.000000
 0.000000
 0.000000
 0.000000
 0.000000
 0.000000
 0.000000
 0.000000
 0.000000
 0.000000
 0.000000
 0.000000
 0.000000
 0.000000
 0.000000
 0.000000
 0.000000
 0.000000
 0.000000
 0.000000
 0.000000
 0.000000
 0.000000
 0.000000
 0.000000
 0.000000
 0.000000
 0.000000
 0.000000
 0.000000
 0.000000
 0.000000
 0.000000
 0.000000
 0.000000
 0.000000
 0.000000
 0.000000
 0.000000
 0.000000
 0.000000
 0.000000
 0.000000
 0.000000
 0.000000
 0.000000
 0.000000
 0.000000
 0.000000
 0.000000
 0.000000
 0.000000
 0.000000
 0.000000
 0.000000
 0.000000
 0.000000
 0.000000
 0.000000
 0.000000
 0.000000
 0.000000
 0.000000
 0.000000
 0.000000
 0.000000
 0.000000
 0.000000
 0.000000
 0.000000
 0.000000
 0.000000
 0.000000
 0.000000
 0.000000
 0.000000
 0.000000
 0.000000
 0.000000
 0.000000
 0.000000
 0.000000
 0.000000
 0.000000
 0.000000
 0.000000
 0.000000
 0.000000
 0.000000
 0.000000
 0.000000
 0.000000
 0.000000
 0.000000
 0.000000
 0.000000
 0.000000
 0.000000
 0.000000
 0.000000
 0.000000
 0.000000
 0.000000
 0.000000
 0.000000
 0.000000
 0.000000
 0.000000
 0.000000
 0.000000
 0.000000
 0.000000
 0.000000
 0.000000
 0.000000
 0.000000
 0.000000
 0.000000
 0.000000
 0.000000
 0.000000
 0.000000
 0.000000
 0.000000
 0.000000
 0.000000
 0.000000
 0.000000
 0.000000
 0.000000
 0.000000
 0.000000
 0.000000
 0.000000
 0.000000
 0.000000
 0.000000
 0.000000
 0.000000
 0.000000
 0.000000
 0.000000
 0.000000
 0.000000
 0.000000
 0.000000
 0.000000
 0.000000
 0.000000
 0.000000
 0.000000
 0.000000
 0.000000
 0.000000
 0.000000
 0.000000
 0.000000
 0.000000
 0.000000
 0.000000
 0.000000
 0.000000
 0.000000
 0.000000
 0.000000
 0.000000
 0.000000
 0.000000
 0.000000
 0.000000
 0.000000
 0.000000
 0.000000
 0.000000
 0.000000
 0.000000
 0.000000
 0.000000
 0.000000
 0.000000
 0.000000
 0.000000
 0.000000
 0.000000
 0.000000
 0.000000
 0.000000
 0.000000
 0.000000
 0.000000
 0.000000
 0.000000
 0.000000
 0.000000
 0.000000
 0.000000
 0.000000
 0.000000
 0.000000
 0.000000
 0.000000
 0.000000
 0.000000
 0.000000
 0.000000
 0.000000
 0.000000
 0.000000
 0.000000
 0.000000
 0.000000
 0.000000
 0.000000
 0.000000
 0.000000
 0.000000
 0.000000
 0.000000
 0.000000
 0.000000
 0.000000
 0.000000
 0.000000
 0.000000
 0.000000
 0.000000
 0.000000
 0.000000
 0.000000
 0.000000
 0.000000
 0.000000
 0.000000
 0.000000
 0.000000
 0.000000
 0.000000
 0.000000
 0.000000
 0.000000
 0.000000
 0.000000
 0.000000
 0.000000
 0.000000
 0.000000
 0.000000
 0.000000
 0.000000
 0.000000
 0.000000
 0.000000
 0.000000
 0.000000
 0.000000
 0.000000
 0.000000
 0.000000
 0.000000
 0.000000
 0.000000
 0.000000
 0.000000
 0.000000
 0.000000
 0.000000
 0.000000
 0.000000
 0.000000
 0.000000
 0.000000
 0.000000
 0.000000
 0.000000
 0.000000
 0.000000
 0.000000
 0.000000
 0.000000
 0.000000
 0.000000
 0.000000
 0.000000
 0.000000
 0.000000
 0.000000
 0.000000
 0.000000
 0.000000
 0.000000
 0.000000
 0.000000
 0.000000
 0.000000
 0.000000
 0.000000
 0.000000
 0.000000
 0.000000
 0.000000
 0.000000
 0.000000
 0.000000
 0.000000
 0.000000
 0.000000
 0.000000
 0.000000
 0.000000
 0.000000
 0.000000
 0.000000
 0.000000
 0.000000
 0.000000
 0.000000
 0.000000
 0.000000
 0.000000
 0.000000
 0.000000
 0.000000
 0.000000
 0.000000
 0.000000
 0.000000
 0.000000
 0.000000
 0.000000
 0.000000
 0.000000
 0.000000
 0.000000
 0.000000
 0.000000
 0.000000
 0.000000
 0.000000
 0.000000
 0.000000
 0.000000
 0.000000
 0.000000
 0.000000
 0.000000
 0.000000
 0.000000
 0.000000
 0.000000
 0.000000
 0.000000
 0.000000
 0.000000
 0.000000
 0.000000
 0.000000
 0.000000
 0.000000
 0.000000
 0.000000
 0.000000
 0.000000
 0.000000
 0.000000
 0.000000
 0.000000
 0.000000
 0.000000
 0.000000
 0.000000
 0.000000
 0.000000
 0.000000
 0.000000
 0.000000
 0.000000
 0.000000
 0.000000
 0.000000
 0.000000
 0.000000
 0.000000
 0.000000
 0.000000
 0.000000
 0.000000
 0.000000
 0.000000
 0.000000
 0.000000
 0.000000
 0.000000
 0.000000
 0.000000
 0.000000
 0.000000
 0.000000
 0.000000
 0.000000
 0.000000
 0.000000
 0.000000
 0.000000
 0.000000
 0.000000
 0.000000
 0.000000
 0.000000
 0.000000
 0.000000
 0.000000
 0.000000
 0.000000
 0.000000
 0.000000
 0.000000
 0.000000
 0.000000
 0.000000
 0.000000
 0.000000
 0.000000
 0.000000
 0.000000
 0.000000
 0.000000
 0.000000
 0.000000
 0.000000
 0.000000
 0.000000
 0.000000
 0.000000
 0.000000
 0.000000
 0.000000
 0.000000
 0.000000
 0.000000
 0.000000
 0.000000
 0.000000
 0.000000
 0.000000
 0.000000
 0.000000
 0.000000
 0.000000
 0.000000
 0.000000
 0.000000
 0.000000
 0.000000
 0.000000
 0.000000
 0.000000
 0.000000
 0.000000
 0.000000
 0.000000
 0.000000
 0.000000
 0.000000
 0.000000
 0.000000
 0.000000
 0.000000
 0.000000
 0.000000
 0.000000
 0.000000
 0.000000
 0.000000
 0.000000
 0.000000
 0.000000
 0.000000
 0.000000
 0.000000
 0.000000
 0.000000
 0.000000
 0.000000
 0.000000
 0.000000
 0.000000
 0.000000
 0.000000
 0.000000
 0.000000
 0.000000
 0.000000
 0.000000
 0.000000
 0.000000
 0.000000
 0.000000
 0.000000
 0.000000
 0.000000
 0.000000
 0.000000
 0.000000
 0.000000
 0.000000
 0.000000
 0.000000
 0.000000
 0.000000
 0.000000
 0.000000
 0.000000
 0.000000
 0.000000
 0.000000
 0.000000
 0.000000
 0.000000
 0.000000
 0.000000
 0.000000
 0.000000
 0.000000
 0.000000
 0.000000
 0.000000
 0.000000
 0.000000
 0.000000
 0.000000
 0.000000
 0.000000
 0.000000
 0.000000
 0.000000
 0.000000
 0.000000
 0.000000
 0.000000
 0.000000
 0.000000
 0.000000
 0.000000
 0.000000
 0.000000
 0.000000
 0.000000
 0.000000
 0.000000
 0.000000
 0.000000
 0.000000
 0.000000
 0.000000
 0.000000
 0.000000
 0.000000
 0.000000
 0.000000
 0.000000
 0.000000
 0.000000
 0.000000
 0.000000
 0.000000
 0.000000
 0.000000
 0.000000
 0.000000
 0.000000
 0.000000
 0.000000
 0.000000
 0.000000
 0.000000
 0.000000
 0.000000
 0.000000
 0.000000
 0.000000
 0.000000
 0.000000
 0.000000
 0.000000
 0.000000
 0.000000
 0.000000
 0.000000
 0.000000
 0.000000
 0.000000
 0.000000
 0.000000
 0.000000
 0.000000
 0.000000
 0.000000
 0.000000
 0.000000
 0.000000
 0.000000
 0.000000
 0.000000
 0.000000
 0.000000
 0.000000
 0.000000
 0.000000
 0.000000
 0.000000
 0.000000
 0.000000
 0.000000
 00000
 0.000000
 0.000000
 0.000000
 0.000000
 0.000000
 0.000000
 0.000000
 0.000000
 0.000000
 0.000000
 0.000000
 0.000000
 0.000000
 0.000000
 0.000000
 0.000000
 0.000000
 0.000000
 0.000000
 0.000000
 0.000000
 0.000000
 0.000000
 0.000000
 0.000000
 0.000000
 0.000000
 0.000000
 0
 00
 0.000000
 0.000000
 0.000000
 0.000000
 0.000000
 0.000000
 0.000000
 0.000000
 0.000000
 0.000000
 0.000000
 0.000000
 0.000000
 0.000000
 0.000000
 0.000000
 0.000000
 0.000000
 0.000000
 0.000000
 0.000000
 0.000000
 0.000000
 0.000000
 0.000000
 0.000000
 0.000000
 0.000000
 0.000000
 0.000000
 0.000000
 0.000000
 0.000000
 0.000000
 0.000000
 0.000000
 0.000000
 0.000000
 0.000000
 