shade_wo_archive, std
0.000000
 0.000005
 0.000020
 0.014743
 0.014743
 0.019795
 0.034052
 0.036870
 0.041629
 0.041551
 0.047265
 0.048247
 0.062254
 0.071765
 0.095216
 0.113449
 0.111985
 0.125508
 0.135567
 0.178036
 0.195035
 0.192417
 0.192154
 0.199429
 0.199447
 0.197127
 0.194101
 0.196400
 0.194482
 0.192540
 0.190093
 0.206001
 0.245370
 0.243036
 0.244334
 0.246491
 0.232813
 0.229938
 0.237135
 0.238120
 0.254907
 0.242913
 0.227337
 0.220320
 0.219881
 0.219881
 0.218568
 0.218726
 0.219694
 0.219477
 0.218078
 0.217508
 0.219707
 0.210042
 0.210284
 0.214398
 0.215139
 0.214031
 0.229231
 0.220336
 0.222670
 0.222670
 0.221152
 0.223462
 0.231708
 0.236259
 0.236259
 0.233868
 0.232610
 0.219311
 0.215340
 0.233809
 0.234047
 0.234047
 0.230926
 0.230926
 0.230926
 0.230468
 0.230468
 0.230451
 0.230451
 0.230451
 0.229277
 0.229277
 0.232331
 0.230610
 0.230610
 0.230610
 0.230610
 0.230610
 0.222068
 0.222068
 0.223100
 0.234304
 0.234304
 0.233355
 0.233495
 0.239244
 0.238635
 0.236145
 0.236145
 0.236145
 0.235026
 0.236364
 0.244674
 0.244674
 0.245873
 0.244548
 0.244548
 0.244548
 0.244548
 0.244302
 0.244302
 0.244424
 0.244424
 0.244424
 0.244895
 0.255941
 0.254663
 0.254663
 0.254538
 0.253608
 0.252480
 0.252401
 0.251656
 0.244799
 0.239650
 0.239650
 0.241145
 0.241145
 0.243599
 0.243351
 0.239620
 0.239620
 0.239620
 0.236337
 0.236952
 0.234459
 0.234459
 0.234459
 0.231273
 0.226666
 0.226666
 0.226666
 0.226666
 0.238582
 0.248589
 0.250151
 0.250151
 0.249677
 0.249676
 0.249676
 0.249676
 0.247523
 0.245917
 0.245917
 0.245917
 0.245917
 0.248003
 0.254502
 0.252586
 0.252586
 0.252979
 0.252979
 0.252979
 0.252979
 0.256987
 0.256987
 0.256412
 0.265132
 0.265132
 0.266020
 0.263451
 0.263437
 0.263238
 0.275041
 0.274285
 0.272629
 0.272629
 0.272410
 0.272735
 0.269521
 0.269521
 0.268721
 0.268721
 0.268721
 0.268721
 0.268721
 0.266636
 0.265832
 0.265971
 0.265742
 0.265742
 0.265588
 0.265662
 0.265662
 0.263285
 0.263285
 0.264109
 0.264975
 0.264975
 0.264975
 0.264975
 0.262662
 0.262662
 0.262763
 0.261594
 0.263392
 0.263392
 0.269489
 0.271805
 0.271804
 0.271804
 0.278500
 0.278486
 0.278302
 0.277659
 0.277696
 0.279466
 0.276695
 0.276695
 0.276695
 0.277374
 0.270251
 0.271479
 0.269736
 0.272100
 0.270736
 0.270464
 0.270464
 0.271609
 0.270305
 0.270305
 0.271595
 0.284564
 0.284480
 0.284480
 0.282969
 0.283322
 0.282070
 0.278390
 0.278594
 0.279598
 0.279598
 0.279565
 0.279377
 0.279405
 0.279405
 0.279405
 0.279405
 0.279003
 0.279017
 0.278727
 0.278727
 0.278508
 0.276656
 0.276850
 0.275250
 0.280136
 0.278601
 0.278894
 0.279019
 0.279019
 0.278881
 0.279609
 0.290266
 0.289721
 0.288956
 0.288956
 0.289047
 0.290092
 0.290092
 0.289803
 0.289803
 0.289803
 0.288824
 0.291143
 0.290537
 0.294433
 0.294788
 0.294788
 0.294567
 0.294567
 0.295478
 0.295724
 0.294793
 0.300826
 0.300826
 0.300826
 0.306962
 0.303574
 0.302399
 0.302702
 0.299757
 0.293227
 0.293306
 0.293499
 0.304997
 0.303369
 0.303369
 0.303369
 0.302807
 0.302808
 0.302808
 0.302808
 0.302808
 0.311859
 0.312517
 0.312601
 0.311146
 0.309665
 0.309793
 0.309803
 0.305751
 0.306593
 0.308705
 0.311390
 0.311391
 0.311269
 0.311269
 0.310632
 0.314319
 0.314106
 0.314106
 0.314106
 0.314106
 0.314106
 0.314188
 0.314356
 0.314343
 0.315268
 0.315057
 0.314835
 0.314903
 0.333325
 0.332375
 0.332613
 0.332605
 0.332365
 0.332739
 0.336857
 0.336857
 0.336857
 0.338363
 0.338363
 0.337352
 0.337352
 0.337761
 0.338043
 0.337636
 0.337610
 0.337610
 0.338269
 0.335983
 0.335900
 0.336235
 0.336235
 0.336700
 0.336699
 0.336726
 0.336295
 0.332510
 0.332673
 0.332609
 0.336488
 0.336879
 0.336879
 0.336836
 0.336475
 0.336498
 0.334227
 0.333639
 0.333639
 0.333600
 0.333600
 0.333600
 0.334258
 0.338338
 0.338265
 0.338265
 0.338919
 0.338861
 0.338654
 0.339347
 0.341113
 0.341113
 0.341721
 0.342453
 0.342559
 0.342187
 0.348070
 0.348282
 0.348282
 0.348282
 0.349868
 0.349460
 0.349490
 0.346036
 0.345081
 0.345081
 0.346410
 0.346488
 0.346575
 0.346575
 0.346353
 0.346353
 0.346353
 0.346801
 0.348664
 0.348906
 0.348895
 0.348779
 0.349007
 0.347225
 0.347225
 0.348009
 0.363755
 0.364509
 0.364441
 0.364789
 0.364844
 0.364844
 0.367174
 0.367538
 0.369861
 0.369975
 0.369901
 0.369819
 0.369789
 0.370298
 0.370291
 0.370291
 0.370274
 0.370274
 0.370276
 0.372278
 0.376733
 0.377341
 0.378437
 0.376978
 0.376956
 0.376956
 0.376956
 0.376942
 0.377767
 0.377984
 0.379787
 0.379194
 0.379194
 0.379194
 0.379194
 0.379194
 0.379138
 0.379065
 0.379589
 0.377159
 0.377509
 0.378852
 0.377056
 0.377013
 0.377013
 0.377008
 0.377034
 0.377086
 0.377010
 0.377440
 0.377440
 0.377440
 0.377339
 0.377637
 0.377637
 0.377548
 0.378497
 0.378497
 0.378497
 0.378734
 0.380023
 0.379462
 0.378642
 0.378999
 0.378999
 0.378812
 0.378353
 0.378353
 0.378359
 0.380796
 0.381000
 0.380958
 0.380959
 0.381923
 0.381823
 0.381823
 0.382355
 0.382339
 0.383014
 0.382898
 0.382888
 0.382970
 0.382376
 0.382097
 0.383272
 0.383204
 0.383204
 0.383204
 0.382899
 0.382915
 0.382876
 0.382657
 0.382657
 0.382657
 0.382673
 0.383720
 0.383720
 0.383720
 0.386936
 0.386890
 0.388903
 0.388902
 0.388877
 0.388409
 0.389275
 0.389275
 0.389427
 0.389427
 0.389433
 0.391733
 0.391733
 0.391803
 0.391810
 0.391810
 0.391654
 0.393639
 0.393613
 0.393838
 0.394090
 0.394092
 0.393700
 0.394332
 0.394335
 0.394331
 0.394184
 0.396003
 0.395829
 0.394985
 0.395369
 0.395002
 0.395002
 0.394855
 0.394836
 0.395231
 0.395214
 0.395096
 0.395096
 0.394796
 0.395114
 0.395074
 0.395619
 0.395619
 0.395518
 0.395519
 0.395493
 0.395485
 0.395484
 0.395484
 0.395807
 0.396010
 0.396010
 0.396010
 0.396010
 0.395986
 0.395843
 0.395843
 0.395848
 0.396202
 0.396202
 0.397073
 0.397681
 0.397681
 0.397681
 0.399229
 0.399213
 0.399026
 0.399025
 0.399025
 0.399025
 0.399017
 0.399169
 0.400863
 0.400849
 0.400890
 0.400890
 0.401073
 0.401104
 0.401131
 0.401433
 0.401423
 0.401423
 0.402034
 0.404450
 0.404518
 0.404602
 0.405096
 0.405096
 0.405363
 0.404238
 0.404352
 0.405006
 0.405020
 0.405461
 0.407398
 0.407398
 0.407031
 0.406844
 0.406452
 0.406452
 0.407454
 0.407580
 0.408773
 0.408505
 0.408597
 0.408562
 0.409306
 0.409413
 0.409688
 0.409688
 0.409688
 0.409640
 0.409640
 0.405326
 0.405204
 0.405204
 0.405168
 0.404667
 0.404563
 0.404560
 0.405230
 0.405226
 0.406329
 0.406328
 0.406697
 0.406697
 0.406672
 0.406672
 0.406674
 0.406674
 0.406964
 0.407083
 0.407081
 0.407081
 0.407150
 0.407160
 0.407160
 0.408536
 0.408443
 0.408371
 0.408343
 0.408364
 0.408560
 0.408560
 0.408936
 0.408847
 0.409012
 0.412051
 0.412023
 0.412023
 0.412000
 0.406968
 0.407046
 0.407143
 0.407086
 0.407262
 0.407190
 0.407058
 0.407058
 0.407050
 0.407763
 0.407763
 0.409304
 0.409304
 0.410353
 0.410363
 0.410363
 0.412678
 0.412615
 0.413025
 0.412807
 0.412951
 0.412623
 0.412653
 0.413051
 0.413063
 0.413121
 0.413483
 0.413393
 0.413384
 0.412788
 0.412845
 0.412834
 0.412835
 0.413543
 0.413543
 0.413480
 0.415115
 0.415606
 0.416235
 0.416235
 0.417619
 0.417519
 0.419318
 0.419482
 0.419736
 0.420025
 0.420025
 0.419923
 0.419923
 0.420239
 0.420239
 0.420229
 0.420229
 0.420229
 0.421209
 0.421209
 0.421225
 0.421981
 0.421981
 0.422236
 0.422236
 0.422236
 0.422156
 0.422121
 0.422116
 0.422378
 0.422378
 0.422378
 0.422478
 0.422648
 0.422648
 0.422532
 0.422532
 0.422078
 0.422078
 0.422571
 0.422566
 0.422537
 0.422735
 0.422796
 0.422798
 0.424053
 0.424552
 0.424453
 0.424453
 0.424604
 0.424604
 0.424604
 0.424604
 0.424604
 0.424743
 0.425049
 0.425631
 0.425694
 0.425694
 0.425680
 0.425629
 0.425629
 0.425607
 0.425867
 0.425855
 0.426368
 0.426367
 0.426386
 0.427072
 0.427043
 0.427043
 0.427038
 0.427038
 0.427038
 0.427155
 0.427155
 0.427227
 0.426867
 0.426867
 0.426867
 0.426867
 0.427379
 0.427507
 0.427326
 0.427775
 0.427775
 0.426858
 0.426906
 0.427082
 0.427014
 0.427103
 0.427253
 0.427243
 0.427433
 0.427427
 0.427417
 0.427419
 0.427455
 0.427455
 0.427466
 0.427296
 0.427296
 0.427284
 0.427873
 0.427873
 0.427981
 0.427977
 0.427976
 0.427977
 0.427977
 0.427770
 0.427714
 0.427670
 0.427926
 0.427927
 0.427929
 0.427942
 0.427942
 0.427942
 0.427942
 0.427942
 0.429833
 0.429833
 0.430041
 0.430041
 0.430035
 0.430202
 0.430232
 0.430269
 0.430246
 0.430264
 0.430158
 0.430158
 0.430159
 0.430159
 0.430159
 0.430189
 0.430196
 0.430196
 0.430194
 0.430194
 0.430233
 0.430233
 0.430112
 0.429955
 0.429983
 0.429983
 0.429983
 0.429983
 0.429914
 0.429930
 0.430048
 0.430040
 0.430040
 0.430048
 0.430251
 0.430250
 0.430250
 0.430325
 0.430527
 0.430349
 0.430369
 0.430339
 0.430339
 0.430338
 0.430999
 0.431275
 0.431326
 0.431326
 0.430949
 0.430949
 0.430969
 0.430967
 0.430988
 0.431597
 0.431642
 0.431704
 0.431854
 0.431926
 0.431926
 0.431926
 0.431926
 0.431884
 0.431886
 0.431332
 0.431382
 0.431382
 0.431803
 0.431173
 0.431173
 0.430541
 0.430388
 0.430388
 0.430388
 0.430368
 0.430368
 0.430368
 0.430368
 0.430368
 0.430572
 0.430572
 0.430572
 0.430588
 0.430798
 0.430798
 0.430863
 0.430863
 0.430863
 0.430863
 0.430815
 0.430618
 0.429704
 0.430146
 0.430146
 0.430064
 0.430064
 0.430022
 0.430038
 0.430038
 0.430029
 0.430128
 0.430125
 0.431598
 0.431647
 0.431605
 0.431605
 0.431615
 0.431675
 0.432146
 0.432309
 0.430807
 0.430820
 0.430820
 0.430820
 0.430820
 0.430718
 0.430710
 0.430900
 0.430900
 0.430925
 0.431255
 0.431268
 0.432150
 0.432150
 0.432150
 0.432150
 0.432133
 0.431785
 0.431980
 0.431858
 0.431857
 0.431723
 0.431928
 0.431930
 0.431876
 0.432308
 0.432308
 0.432537
 0.432587
 0.432542
 0.432603
 0.432853
 0.432856
 0.433039
 0.433041
 0.433041
 0.433041
 0.433041
 0.433041
 0.433075
 0.433075
 0.432919
 0.432919
 0.433136
 0.433553
 0.433723
 0.433724
 0.433670
 0.433720
 0.433720
 0.433720
 0.433720
 0.434896
 0.434896
 0.434689
 0.434689
 0.434460
 0.434460
 0.434610
 0.434610
 0.434566
 0.434566
 0.433427
 0.433427
 0.433416
 0.433488
 0.433488
 0.433488
 0.433500
 0.433500
 0.433492
 0.433496
 0.433480
 0.433612
 0.433607
 0.433328
 0.433340
 0.433340
 0.433340
 0.433347
 0.433305
 0.433301
 0.433403
 0.433403
 0.433402
 0.433446
 0.433133
 0.433133
 0.433151
 0.433151
 0.433151
 0.433151
 0.433175
 0.433101
 0.433103
 0.433517
 0.433517
 0.433506
 0.433623
 0.433655
 0.433658
 0.433700
 0.432137
 0.432205
 0.432205
 0.432001
 0.431932
 0.431932
 0.431932
 0.431931
 0.431931
 0.432335
 0.432335
 0.432335
 0.432317
 0.432345
 0.432345
 0.432345
 0.432398
 0.432076
 0.431898
 0.431907
 0.431907
 0.431907
 0.431904
 0.431680
 0.431525
 0.431525
 0.431525
 0.431261
 0.431259
 0.431269
 0.431420
 0.431433
 0.431439
 0.430650
 0.430650
 0.430650
 0.431186
 0.431186
 0.431246
 0.431226
 0.431226
 0.431226
 0.431264
 0.431055
 0.431055
 0.431055
 0.430770
 0.430834
 0.430834
 0.430891
 0.430891
 0.430891
 0.431029
 0.430892
 0.430137
 0.430108
 0.430105
 0.430063
 0.429411
 0.429441
 0.429399
 0.429399
 0.429353
 0.429925
 0.429925
 0.429925
 0.429925
 0.429925
 0.429925
 0.429925
 0.429925
 0.429925
 0.429925
 0.429939
 0.430310
 0.430310
 0.430310
 0.430335
 0.430358
 0.430367
 0.430367
 0.430406
 0.430406
 0.430399
 0.430402
 0.430418
 0.430418
 0.430388
 0.430503
 0.430259
 0.430259
 0.430259
 0.430457
 0.430674
 0.430731
 0.430838
 0.430838
 0.430838
 0.430838
 0.430838
 0.430467
 0.430467
 0.430429
 0.430426
 0.430505
 0.430505
 0.430505
 0.430548
 0.430668
 0.430782
 0.430819
 0.430922
 0.431353
 0.431386
 0.431653
 0.431653
 0.431653
 0.431653
 0.431633
 0.431628
 0.431831
 0.431839
 0.432297
 0.432282
 0.432300
 0.432300
 0.432299
 0.432299
 0.432297
 0.432424
 0.432486
 0.432386
 0.432348
 0.432348
 0.432703
 0.432754
 0.432666
 0.432738
 0.432736
 0.432735
 0.432608
 0.432834
 0.432859
 0.432866
 0.432872
 0.432872
 0.432899
 0.432899
 0.432899
 0.432899
 0.432847
 0.432847
 0.432847
 0.433101
 0.432961
 0.432961
 0.432961
 0.432961
 0.432961
 0.433042
 0.433046
 0.433048
 0.433106
 0.433106
 0.433339
 0.433343
 0.433343
 0.433343
 0.433387
 0.433441
 0.433435
 0.433464
 0.433464
 0.433464
 0.433718
 0.433815
 0.433808
 0.433777
 0.433777
 0.433757
 0.433757
 0.433730
 0.433781
 0.433852
 0.433852
 0.433852
 0.433805
 0.433805
 0.433783
 0.433995
 0.434047
 0.434151
 0.434304
 0.434310
 0.434527
 0.434527
 0.434527
 0.434527
 0.434473
 0.434980
 0.434991
 0.435055
 0.435055
 0.435229
 0.435229
 0.435229
 0.435229
 0.435276
 0.435289
 0.435401
 0.435401
 0.435401
 0.435401
 0.435401
 0.435414
 0.435422
 0.435422
 0.435166
 0.435166
 0.435166
 0.434333
 0.434335
 0.434335
 0.434362
 0.434396
 0.434396
 0.434666
 0.434666
 0.434666
 0.434666
 0.434666
 0.434731
 0.434776
 0.434776
 0.434776
 0.434846
 0.434865
 0.434865
 0.434865
 0.434865
 0.434865
 0.434865
 0.434889
 0.434889
 0.434889
 0.435192
 0.435192
 0.435192
 0.435192
 0.435192
 0.435160
 0.435033
 0.435034
 0.434963
 0.434963
 0.434975
 0.434975
 0.434975
 0.434682
 0.434683
 0.434713
 0.434530
 0.434662
 0.434515
 0.434515
 0.434515
 0.434674
 0.434808
 0.434808
 0.434817
 0.434746
 0.434746
 0.434744
 0.434768
 0.434195
 0.434195
 0.434198
 0.434547
 0.434547
 0.434575
 0.434475
 0.434424
 0.434344
 0.434344
 0.434339
 0.434339
 0.433938
 0.433938
 0.433949
 0.433927
 0.433927
 0.433927
 0.433927
 0.433930
 0.433930
 0.433930
 0.434020
 0.434009
 0.434009
 0.434118
 0.433880
 0.433795
 0.433740
 0.433793
 0.433401
 0.433401
 0.433401
 0.433383
 0.433383
 0.433383
 0.433497
 0.433497
 0.433497
 0.433510
 0.433508
 0.433508
 0.433508
 0.433536
 0.433536
 0.433536
 0.433536
 0.433536
 0.433536
 0.433561
 0.433563
 0.433554
 0.433554
 0.433554
 0.433554
 0.433619
 0.434008
 0.434008
 0.434008
 0.434033
 0.432996
 0.432996
 0.432979
 0.432979
 0.432979
 0.433082
 0.433082
 0.433076
 0.434330
 0.434286
 0.434277
 0.434319
 0.434301
 0.434301
 0.432885
 0.432738
 0.432732
 0.432732
 0.432732
 0.432718
 0.432663
 0.432667
 0.432667
 0.432667
 0.432667
 0.432667
 0.432635
 0.432635
 0.432635
 0.432624
 0.432624
 0.432604
 0.431924
 0.431954
 0.431954
 0.431954
 0.431952
 0.431951
 0.431951
 0.431569
 0.431701
 0.431701
 0.431637
 0.431721
 0.431604
 0.431604
 0.431604
 0.431604
 0.428190
 0.428188
 0.428186
 0.428105
 0.428298
 0.428343
 0.428396
 0.428373
 0.428586
 0.428597
 0.428597
 0.428519
 0.428576
 0.428561
 0.428561
 0.428561
 0.428561
 0.428561
 0.428561
 0.428561
 0.428501
 0.428517
 0.428517
 0.428709
 0.428732
 0.428703
 0.428703
 0.428697
 0.428697
 0.428697
 0.428697
 0.428697
 0.428697
 0.428697
 0.428697
 0.428697
 0.428697
 0.428684
 0.428684
 0.428676
 0.428820
 0.428820
 0.428834
 0.428835
 0.428832
 0.428819
 0.428819
 0.428929
 0.428929
 0.428973
 0.428973
 0.429028
 0.429028
 0.429028
 0.429028
 0.428935
 0.428935
 0.428935
 0.429235
 0.429257
 0.429434
 0.429453
 0.429453
 0.429453
 0.429433
 0.429455
 0.429454
 0.429101
 0.429101
 0.429101
 0.429059
 0.429059
 0.429059
 0.429059
 0.428927
 0.428544
 0.428549
 0.428549
 0.428549
 0.428642
 0.428642
 0.428676
 0.428640
 0.428651
 0.428651
 0.427279
 0.427322
 0.427308
 0.427308
 0.427308
 0.427393
 0.427357
 0.427540
 0.427458
 0.427413
 0.427063
 0.427143
 0.427141
 0.427216
 0.427214
 0.427310
 0.427343
 0.427343
 0.427303
 0.427329
 0.427381
 0.427381
 0.427381
 0.427381
 0.427241
 0.427293
 0.427239
 0.427237
 0.427209
 0.427209
 0.427207
 0.427195
 0.427195
 0.427196
 0.427193
 0.427193
 0.427193
 0.427183
 0.427183
 0.427204
 0.427204
 0.427204
 0.427209
 0.427209
 0.427209
 0.427208
 0.427932
 0.427938
 0.427909
 0.427917
 0.427917
 0.427917
 0.428042
 0.428059
 0.428059
 0.428019
 0.428019
 0.428019
 0.428019
 0.428019
 0.427959
 0.427957
 0.427958
 0.427958
 0.427958
 0.428201
 0.428337
 0.428390
 0.428390
 0.428403
 0.428403
 0.427619
 0.427619
 0.427619
 0.427592
 0.428013
 0.428014
 0.428014
 0.428014
 0.428075
 0.428066
 0.428066
 0.428066
 0.428069
 0.428106
 0.428238
 0.428238
 0.428239
 0.428239
 0.428239
 0.428244
 0.428263
 0.428263
 0.428268
 0.428275
 0.428342
 0.428342
 0.428298
 0.428298
 0.428159
 0.428159
 0.428159
 0.427888
 0.427888
 0.427888
 0.427914
 0.427924
 0.427924
 0.427921
 0.427963
 0.427966
 0.427984
 0.427984
 0.427984
 0.428010
 0.427996
 0.427996
 0.427996
 0.428012
 0.425575
 0.425575
 0.425575
 0.425575
 0.425575
 0.425574
 0.425574
 0.425574
 0.425574
 0.425574
 0.425575
 0.425575
 0.425574
 0.425570
 0.425570
 0.425608
 0.425608
 0.425662
 0.425662
 0.425663
 0.426266
 0.425953
 0.425957
 0.425956
 0.425956
 0.425956
 0.425956
 0.425956
 0.426005
 0.426003
 0.425988
 0.425992
 0.425993
 0.426011
 0.426011
 0.426011
 0.426011
 0.426007
 0.426007
 0.426007
 0.426038
 0.426040
 0.426041
 0.426041
 0.426041
 0.426045
 0.426045
 0.426020
 0.426044
 0.426044
 0.426044
 0.426044
 0.426044
 0.426055
 0.426055
 0.425975
 0.425967
 0.425960
 0.425960
 0.425943
 0.425946
 0.425979
 0.425965
 0.425965
 0.425961
 0.425885
 0.425929
 0.425984
 0.425984
 0.425984
 0.425984
 0.425870
 0.425870
 0.425996
 0.425990
 0.425983
 0.425983
 0.426158
 0.426290
 0.426295
 0.426295
 0.426295
 0.426295
 0.426295
 0.426295
 0.426295
 0.426295
 0.426354
 0.426354
 0.426354
 0.426354
 0.426354
 0.426354
 0.426354
 0.426367
 0.426424
 0.426424
 0.426378
 0.426276
 0.426276
 0.426224
 0.426339
 0.426296
 0.426296
 0.426296
 0.426222
 0.426222
 0.426222
 0.426222
 0.426222
 0.426353
 0.426353
 0.426324
 0.426326
 0.426326
 0.426326
 0.426326
 0.426326
 0.426326
 0.426328
 0.426306
 0.426306
 0.426284
 0.426284
 0.426284
 0.426317
 0.426317
 0.426317
 0.426194
 0.426190
 0.426190
 0.426190
 0.426188
 0.426228
 0.426228
 0.426210
 0.426210
 0.426210
 0.426210
 0.426210
 0.426210
 0.426215
 0.426215
 0.426210
 0.426210
 0.426210
 0.426210
 0.426210
 0.426223
 0.426223
 0.426181
 0.426115
 0.426115
 0.426115
 0.426115
 0.426124
 0.426124
 0.426152
 0.426168
 0.426168
 0.426162
 0.426162
 0.426162
 0.426162
 0.426164
 0.426156
 0.426155
 0.426155
 0.426155
 0.421504
 0.421504
 0.421470
 0.421456
 0.421456
 0.421456
 0.421456
 0.421456
 0.421870
 0.421870
 0.421870
 0.421944
 0.421944
 0.421956
 0.421969
 0.421969
 0.421991
 0.422308
 0.422288
 0.422288
 0.422290
 0.422288
 0.422293
 0.422293
 0.422294
 0.422388
 0.423376
 0.423376
 0.423404
 0.422410
 0.422396
 0.422395
 0.422401
 0.422401
 0.422396
 0.422416
 0.422416
 0.422419
 0.422417
 0.422417
 0.422399
 0.422399
 0.422380
 0.422245
 0.422256
 0.422259
 0.422256
 0.422245
 0.422245
 0.422254
 0.422253
 0.422238
 0.422236
 0.422236
 0.422243
 0.422243
 0.422243
 0.422243
 0.421639
 0.421639
 0.421665
 0.420897
 0.420897
 0.420691
 0.420679
 0.420741
 0.420741
 0.420741
 0.420741
 0.420741
 0.420741
 0.420741
 0.420735
 0.420735
 0.420729
 0.420263
 0.420292
 0.420239
 0.420239
 0.420239
 0.420239
 0.420236
 0.420242
 0.420238
 0.420238
 0.420238
 0.420238
 0.420238
 0.420238
 0.420156
 0.420156
 0.420138
 0.420138
 0.420138
 0.420138
 0.420138
 0.420138
 0.420138
 0.420138
 0.420138
 0.420138
 0.420113
 0.420113
 0.420101
 0.420101
 0.420102
 0.420110
 0.420101
 0.420103
 0.420459
 0.420446
 0.420446
 0.420446
 0.420446
 0.420446
 0.420447
 0.420447
 0.420447
 0.420309
 0.420315
 0.420315
 0.420315
 0.420318
 0.421189
 0.421209
 0.421201
 0.421201
 0.421226
 0.421226
 0.421231
 0.421231
 0.421230
 0.421230
 0.421224
 0.421214
 0.421214
 0.421218
 0.421218
 0.421218
 0.421218
 0.421196
 0.421196
 0.421230
 0.421231
 0.421231
 0.421219
 0.421216
 0.421295
 0.421406
 0.421406
 0.421398
 0.421418
 0.421418
 0.421387
 0.421387
 0.421377
 0.421377
 0.421393
 0.421393
 0.421386
 0.421395
 0.421331
 0.421482
 0.421465
 0.421469
 0.421469
 0.421469
 0.421469
 0.421517
 0.421524
 0.421525
 0.421524
 0.421524
 0.421524
 0.421270
 0.421270
 0.421270
 0.421273
 0.421261
 0.421247
 0.421252
 0.421252
 0.421251
 0.420994
 0.421232
 0.421232
 0.421215
 0.421215
 0.421215
 0.421220
 0.421298
 0.421298
 0.421298
 0.421298
 0.421298
 0.421298
 0.421297
 0.421304
 0.421304
 0.421304
 0.421304
 0.421304
 0.421304
 0.421322
 0.421346
 0.421346
 0.421346
 0.421346
 0.421345
 0.421345
 