shade_wo_archive, std
778.043783
 353.857773
 246.557198
 241.344574
 191.689433
 135.329048
 119.670421
 104.885980
 98.816234
 53.497077
 41.255323
 41.362467
 39.381510
 37.204137
 33.336101
 29.727879
 20.397171
 20.053905
 19.633494
 20.680946
 20.348171
 19.447693
 18.006751
 17.173040
 17.667948
 17.194673
 17.543533
 16.270983
 16.206516
 15.982142
 14.603894
 14.356601
 14.521189
 14.609558
 14.291750
 14.910272
 15.251202
 14.835243
 14.271434
 13.910748
 13.868399
 14.020125
 14.193895
 14.191103
 14.154927
 14.154927
 14.154927
 13.944989
 13.944989
 13.976275
 14.116319
 14.052107
 13.994802
 14.665485
 14.665485
 13.731629
 13.378033
 13.345395
 13.241512
 13.291504
 13.207895
 13.610332
 13.342388
 13.221921
 12.581509
 12.163349
 12.090793
 11.804362
 11.804362
 11.760467
 11.788678
 11.400508
 11.589275
 11.825112
 11.629959
 11.660548
 11.589046
 11.646540
 11.229075
 11.832249
 11.832221
 11.829001
 11.896704
 11.896704
 11.980093
 11.897959
 11.692453
 11.718664
 11.143044
 11.149112
 10.853926
 10.854195
 10.962732
 10.661918
 10.617372
 10.560208
 10.560208
 10.717837
 10.707635
 10.707635
 10.625261
 10.625261
 9.837030
 9.837030
 9.739835
 9.665228
 9.665228
 9.331503
 9.317342
 9.317342
 9.314551
 9.314551
 9.416387
 9.417650
 9.417650
 9.235227
 9.332820
 9.332820
 9.394044
 9.394044
 9.393986
 9.315248
 9.296856
 9.254993
 9.248730
 9.250281
 9.528002
 9.528002
 9.562395
 9.298077
 9.323932
 8.986912
 9.124333
 9.124333
 9.292749
 9.292749
 9.297922
 9.197888
 9.197888
 8.961269
 8.964844
 8.984086
 9.431088
 9.416015
 9.388995
 9.335451
 9.542616
 9.654979
 9.709605
 9.708451
 10.013579
 10.015158
 10.015158
 10.303985
 10.303985
 10.313313
 10.313261
 10.265066
 10.295110
 10.295110
 10.204021
 10.204021
 10.160989
 10.181358
 10.429103
 10.476613
 10.543643
 10.519176
 10.519176
 10.521382
 10.574991
 10.542514
 10.781218
 10.847006
 10.845392
 10.877476
 11.555347
 11.500229
 11.288214
 11.310669
 11.405398
 11.358208
 11.360733
 11.384710
 11.398702
 11.322826
 11.197839
 11.202099
 11.231053
 11.357822
 11.355865
 11.619689
 11.703024
 11.830096
 11.820521
 11.918600
 11.894450
 11.843093
 11.875107
 11.895043
 11.871700
 11.919845
 11.789465
 11.767894
 11.832282
 11.837600
 12.268239
 12.372441
 12.364584
 12.328918
 12.316303
 12.249799
 12.194740
 12.207622
 12.184348
 12.140639
 12.167929
 12.149961
 12.066382
 12.079727
 12.079727
 12.058700
 12.016311
 12.076124
 12.074398
 12.175716
 12.186669
 12.186518
 12.202719
 12.201468
 12.193044
 12.309184
 12.416219
 12.321629
 12.322664
 12.351128
 12.367988
 12.415793
 12.396461
 12.384122
 12.377536
 12.358444
 12.378372
 12.407910
 12.414866
 12.383986
 12.383614
 12.399167
 12.377657
 12.385034
 12.343092
 12.595222
 12.534792
 12.533887
 12.408015
 12.421487
 12.293351
 12.369252
 12.388270
 12.475765
 12.394799
 12.382179
 12.377302
 12.360135
 12.364735
 12.388955
 12.354487
 12.264045
 12.266141
 12.265267
 12.265991
 12.297063
 12.311736
 12.313560
 12.359644
 12.423189
 12.487720
 12.487720
 12.487720
 12.510839
 12.518196
 12.258448
 12.287276
 12.296753
 12.293006
 12.221476
 12.235724
 12.216175
 12.194074
 12.193772
 12.253147
 12.255053
 12.309460
 12.319089
 12.314555
 12.313577
 12.370499
 12.417863
 12.418632
 12.383070
 12.418147
 12.447193
 12.301848
 12.334268
 12.358059
 12.507809
 12.507596
 12.530517
 12.513970
 12.513970
 12.511890
 12.492261
 12.510798
 12.535354
 12.611794
 12.615807
 12.695865
 12.730898
 12.729695
 12.711699
 12.695653
 12.694021
 12.697423
 12.697891
 12.732518
 12.687047
 12.680120
 12.680169
 12.693860
 12.695379
 12.695379
 12.696536
 12.684082
 12.684082
 12.684695
 12.635529
 12.657939
 12.645601
 12.646773
 12.633875
 12.631094
 12.575727
 12.575727
 12.617181
 12.623526
 12.641377
 12.642061
 12.641578
 12.760962
 12.761475
 12.763876
 12.763699
 12.763727
 12.737891
 12.737987
 12.737987
 12.738325
 12.738325
 12.756069
 12.757208
 12.758797
 12.758767
 12.758706
 12.766359
 12.768116
 12.768011
 12.768230
 12.756339
 12.751663
 12.757859
 12.757859
 12.709369
 12.724462
 12.724374
 12.731771
 12.744007
 12.744007
 12.765954
 12.789029
 12.787001
 12.438587
 12.433308
 12.451510
 12.455691
 12.455093
 12.465954
 12.446368
 12.402596
 12.422301
 12.422301
 12.421045
 12.318632
 12.318542
 12.316467
 12.319764
 12.321879
 12.339664
 12.346079
 12.348351
 12.347211
 12.347211
 12.346867
 12.346867
 12.348172
 12.320804
 12.320463
 12.306192
 12.275319
 12.275543
 12.274508
 12.271100
 12.270558
 12.270322
 12.241327
 12.241327
 12.247512
 12.280701
 12.290827
 12.294765
 12.294534
 12.293534
 12.295902
 12.307822
 12.299764
 12.291840
 12.297782
 12.302459
 12.298995
 12.298437
 12.308811
 12.301042
 12.298428
 12.299572
 12.289392
 12.298374
 12.317648
 12.316850
 12.315023
 12.331586
 12.330496
 12.350052
 12.349779
 12.370324
 12.366634
 12.364043
 12.365145
 12.363887
 12.381601
 12.380287
 12.381970
 12.380859
 12.381447
 12.385712
 12.372783
 12.373311
 12.369773
 12.369773
 12.474555
 12.474555
 12.474662
 12.459732
 12.461380
 12.461762
 12.467498
 12.464121
 12.463331
 12.463572
 12.467870
 12.472822
 12.472926
 12.478537
 12.478537
 12.477856
 12.508555
 12.507838
 12.510009
 12.510009
 12.516358
 12.515784
 12.521820
 12.521845
 12.521726
 12.522574
 12.522834
 12.543770
 12.541734
 12.558694
 12.558310
 12.559233
 12.559167
 12.583377
 12.583163
 12.584016
 12.584014
 12.578746
 12.553491
 12.561811
 12.552609
 12.552683
 12.548652
 12.548652
 12.552459
 12.552459
 12.552709
 12.552709
 12.622858
 12.622383
 12.604643
 12.584254
 12.583820
 12.582655
 12.612942
 12.616183
 12.622548
 12.625009
 12.630460
 12.623196
 12.619870
 12.619325
 12.603133
 12.623021
 12.623183
 12.627018
 12.667188
 12.668093
 12.667786
 12.667769
 12.678735
 12.708689
 12.712527
 12.712527
 12.728075
 12.730395
 12.729417
 12.724479
 12.757553
 12.805508
 12.808377
 12.799167
 12.799164
 12.805414
 12.798951
 12.800116
 12.800099
 12.799878
 12.798273
 12.798273
 12.785822
 12.777425
 12.757002
 12.756798
 12.756798
 12.757091
 12.757236
 12.761180
 12.768403
 12.773954
 12.773954
 12.773793
 12.774310
 12.774295
 12.726434
 12.728817
 12.728817
 12.724738
 12.724367
 12.724016
 12.724013
 12.723922
 12.727091
 12.727091
 12.723834
 12.734684
 12.735057
 12.743682
 12.741577
 12.736802
 12.741018
 12.740979
 12.740714
 12.792119
 12.499668
 12.516748
 12.503444
 12.503440
 12.503296
 12.503542
 12.381496
 12.391415
 12.392820
 12.392827
 12.387172
 12.386343
 12.429586
 12.432896
 12.432896
 12.432896
 12.435445
 12.441896
 12.432485
 12.432485
 12.432243
 12.436161
 12.435811
 12.433487
 12.428402
 12.420492
 12.427403
 12.427403
 12.427360
 12.428269
 12.422519
 12.420233
 12.420084
 12.419823
 12.409818
 12.423707
 12.423707
 12.465692
 12.480230
 12.482132
 12.482296
 12.490579
 12.490595
 12.505816
 12.506090
 12.499421
 12.499421
 12.499799
 12.501217
 12.500995
 12.500995
 12.507011
 12.500504
 12.499415
 12.500464
 12.500358
 12.501182
 12.501182
 12.501546
 12.501546
 12.502435
 12.501810
 12.238595
 12.239249
 12.239206
 12.242515
 12.249660
 12.239046
 12.238194
 12.238199
 12.234057
 12.234110
 12.237254
 12.237303
 12.236768
 12.237513
 12.237514
 12.238873
 12.239454
 12.239454
 12.239508
 12.239508
 12.239481
 12.239678
 12.238361
 12.238171
 12.151766
 12.138615
 12.141165
 11.895507
 11.712337
 11.747409
 11.759196
 11.756804
 11.756804
 11.753697
 11.745064
 11.744928
 11.747189
 11.714188
 11.714189
 11.712985
 11.713884
 11.716260
 11.719265
 11.718723
 11.725471
 11.715031
 11.715031
 11.714809
 11.714809
 11.719347
 11.719176
 11.718714
 11.718682
 11.718682
 11.725978
 11.769747
 11.769877
 11.775153
 11.774826
 11.774812
 11.779668
 11.779419
 11.779419
 11.779419
 11.779410
 11.779411
 11.779456
 11.785482
 11.785472
 11.785472
 11.785256
 11.784845
 11.786753
 11.786399
 11.788774
 11.790965
 11.778345
 11.779885
 11.779885
 11.779689
 11.779689
 11.780409
 11.783430
 11.783430
 11.844784
 11.844784
 11.844992
 11.841191
 11.840254
 11.844702
 11.843543
 11.842944
 11.846878
 11.846137
 11.847237
 11.846168
 11.846870
 11.846870
 11.846870
 11.849973
 11.860125
 11.859556
 11.859556
 11.860296
 11.860242
 11.860347
 11.860951
 11.860951
 11.861116
 11.861023
 11.866380
 11.874003
 11.874033
 11.892916
 11.893964
 11.894068
 11.890981
 11.891148
 11.888739
 11.888716
 11.888736
 11.889262
 11.889262
 11.889277
 11.890562
 11.891230
 11.891239
 11.682511
 11.682511
 11.702723
 11.702725
 11.670375
 11.679667
 11.641618
 11.641599
 11.639831
 11.639831
 11.639826
 11.639826
 11.654370
 11.654424
 11.603452
 11.609997
 11.610237
 11.610962
 11.610962
 11.610956
 11.610954
 11.612225
 11.612225
 11.612518
 11.612375
 11.612288
 11.612261
 11.612568
 11.595112
 11.557146
 11.537504
 11.537664
 11.444870
 11.444947
 11.445059
 11.445192
 11.445192
 11.445191
 11.444885
 11.408233
 11.408233
 11.414508
 11.414508
 11.391488
 11.391326
 11.391326
 11.390920
 11.388908
 11.391361
 11.391366
 11.407833
 11.399980
 11.399908
 11.399851
 11.399851
 11.399880
 11.400257
 11.398666
 11.398698
 11.338696
 11.338696
 11.338264
 11.338240
 11.337693
 11.337696
 11.337696
 11.327819
 11.327802
 11.327692
 11.327692
 11.327692
 11.327695
 11.327695
 11.327696
 11.327534
 11.327534
 11.374189
 11.374190
 11.374190
 11.373937
 11.386952
 11.386952
 11.386952
 11.401362
 11.400269
 11.400228
 11.400228
 11.400492
 11.390981
 11.390846
 11.387457
 11.387457
 11.387470
 11.387470
 11.387739
 11.386943
 11.365191
 11.351679
 11.351679
 11.351012
 11.350326
 11.350326
 11.350300
 11.350095
 11.350193
 11.350176
 11.350176
 11.350155
 11.351570
 11.351570
 11.351417
 11.351396
 11.351449
 11.351449
 11.351449
 11.351449
 11.349994
 11.349994
 11.349994
 11.349994
 11.349985
 11.349985
 11.349985
 11.347350
 11.347331
 11.365343
 11.365400
 11.365395
 11.365365
 11.365365
 11.365365
 11.365362
 11.365566
 11.365565
 11.370346
 11.370391
 11.391304
 11.399210
 11.399199
 11.399596
 11.399439
 11.405381
 11.405385
 11.405477
 11.405492
 11.405492
 11.405072
 11.407364
 11.407352
 11.407843
 11.407980
 11.408021
 11.408012
 11.408012
 11.407866
 11.407866
 11.407796
 11.407796
 11.407796
 11.432238
 11.433035
 11.433035
 11.466264
 11.475228
 11.475454
 11.475454
 11.475454
 11.475455
 11.475455
 11.475445
 11.476191
 11.476191
 11.476189
 11.476048
 11.476047
 11.476093
 11.474945
 11.475072
 11.488409
 11.488410
 11.488381
 11.489607
 11.497617
 11.497698
 11.497804
 11.497804
 11.497841
 11.499618
 11.503258
 11.504030
 11.504030
 11.503794
 11.503794
 11.503711
 11.506043
 11.505886
 11.505886
 11.505886
 11.505886
 11.505788
 11.505384
 11.505354
 11.505486
 11.505486
 11.505486
 11.506842
 11.531546
 11.531554
 11.531554
 11.531554
 11.531554
 11.541257
 11.541257
 11.543670
 11.543709
 11.543579
 11.543580
 11.543579
 11.543965
 11.543970
 11.544653
 11.544653
 11.544653
 11.546168
 11.546026
 11.546022
 11.546022
 11.546100
 11.546105
 11.546411
 11.547467
 11.547467
 11.547467
 11.547467
 11.547458
 11.547458
 11.547458
 11.547458
 11.547455
 11.547452
 11.547452
 11.547423
 11.547405
 11.547148
 11.551901
 11.552289
 11.555483
 11.555484
 11.555484
 11.555485
 11.555485
 11.555485
 11.555894
 11.556116
 11.556116
 11.557771
 11.557771
 11.557771
 11.557815
 11.557815
 11.558056
 11.558056
 11.558056
 11.557889
 11.573895
 11.533548
 11.573368
 11.573363
 11.574256
 11.574256
 11.574298
 11.574984
 11.516411
 11.505487
 11.505504
 11.505510
 11.503249
 11.502919
 11.498598
 11.498598
 11.498427
 11.498427
 11.498427
 11.498427
 11.498710
 11.498711
 11.498712
 11.477999
 11.477983
 11.463820
 11.463820
 11.468540
 11.469045
 11.469003
 11.469003
 11.469094
 11.469128
 11.469175
 11.477347
 11.477340
 11.477338
 11.477314
 11.489682
 11.489688
 11.494603
 11.494518
 11.494518
 11.495600
 11.495600
 11.498103
 11.498103
 11.524353
 11.524347
 11.524861
 11.524861
 11.525309
 11.525309
 11.525312
 11.532079
 11.533102
 11.533696
 11.533696
 11.533845
 11.533839
 11.535746
 11.535747
 11.535746
 11.535746
 11.535746
 11.535746
 11.535744
 11.536087
 11.538310
 11.538230
 11.538230
 11.538230
 11.538320
 11.538320
 11.538466
 11.538832
 11.539496
 11.544092
 11.544885
 11.544902
 11.545589
 11.546666
 11.546655
 11.546656
 11.546656
 11.546945
 11.546942
 11.546855
 11.547288
 11.547498
 11.548235
 11.548238
 11.551066
 11.551048
 11.551047
 11.551047
 11.551199
 11.551203
 11.553690
 11.553797
 11.553797
 11.553797
 11.553797
 11.553796
 11.553625
 11.554378
 11.554410
 11.556322
 11.557603
 11.557638
 11.557673
 11.557673
 11.557673
 11.562742
 11.562814
 11.563635
 11.563635
 11.563623
 11.563623
 11.563612
 11.563664
 11.563667
 11.563667
 11.563537
 11.563537
 11.563549
 11.563549
 11.563584
 11.563584
 11.563606
 11.564292
 11.564396
 11.565468
 11.565612
 11.565612
 11.565589
 11.565556
 11.565542
 11.565542
 11.565877
 11.565879
 11.566008
 11.565883
 11.565883
 11.565883
 11.566563
 11.566563
 11.566552
 11.566552
 11.566552
 11.567481
 11.567636
 11.567638
 11.567625
 11.567625
 11.567621
 11.567621
 11.567621
 11.567620
 11.567620
 11.570103
 11.570162
 11.571303
 11.571264
 11.571264
 11.571264
 11.571461
 11.571461
 11.571461
 11.571457
 11.571457
 11.583605
 11.583605
 11.583609
 11.583609
 11.583609
 11.583858
 11.583901
 11.583900
 11.583900
 11.584052
 11.584046
 11.590588
 11.590588
 11.590534
 11.590534
 11.590534
 11.591270
 11.591273
 11.591287
 11.591256
 11.591256
 11.613598
 11.613597
 11.613594
 11.613594
 11.613594
 11.613594
 11.613594
 11.613594
 11.613572
 11.613572
 11.613573
 11.613573
 11.613602
 11.613602
 11.613650
 11.613650
 11.613650
 11.613679
 11.613679
 11.613697
 11.613673
 11.613673
 11.613721
 11.613717
 11.613659
 11.613661
 11.613951
 11.613928
 11.613902
 11.614134
 11.614119
 11.614155
 11.614155
 11.614158
 11.614159
 11.614159
 11.614192
 11.614192
 11.614192
 11.614192
 11.614192
 11.614192
 11.614178
 11.614179
 11.614243
 11.614242
 11.614242
 11.616029
 11.616118
 11.616341
 11.616341
 11.616341
 11.616341
 11.616341
 11.616420
 11.616420
 11.616420
 11.616498
 11.616498
 11.616497
 11.616497
 11.616563
 11.616563
 11.616714
 11.616714
 11.616714
 11.616751
 11.616752
 11.616754
 11.618010
 11.618010
 11.618010
 11.618013
 11.618013
 11.618023
 11.618207
 11.618207
 11.618199
 11.618199
 11.618199
 11.618199
 11.618200
 11.618184
 11.618184
 11.618126
 11.618124
 11.618111
 11.618118
 11.618118
 11.618117
 11.618117
 11.618117
 11.618117
 11.618125
 11.618125
 11.618122
 11.618122
 11.618122
 11.618044
 11.618044
 11.618044
 11.618040
 11.618040
 11.618040
 11.618040
 11.618040
 11.618040
 11.618040
 11.618040
 11.618040
 11.618040
 11.618040
 11.618156
 11.618156
 11.618156
 11.618156
 11.618156
 11.618652
 11.618652
 11.618684
 11.618684
 11.618684
 11.618684
 11.618683
 11.621845
 11.621845
 11.621828
 11.622793
 11.622793
 11.622777
 11.622738
 11.622764
 11.622764
 11.622762
 11.622762
 11.622760
 11.622775
 11.622776
 11.622794
 11.622794
 11.622794
 11.622794
 11.622794
 11.622794
 11.622794
 11.622794
 11.622794
 11.622794
 11.622794
 11.622805
 11.622805
 11.622805
 11.622805
 11.622873
 11.622873
 11.622873
 11.622874
 11.622870
 11.622870
 11.622870
 11.622872
 11.622865
 11.622918
 11.622918
 11.622918
 11.624154
 11.624154
 11.624147
 11.624147
 11.624147
 11.624147
 11.624147
 11.624147
 11.624147
 11.624147
 11.624146
 11.624417
 11.624417
 11.624417
 11.624417
 11.624440
 11.624440
 11.624440
 11.624436
 11.624468
 11.624468
 11.624455
 11.624455
 11.624518
 11.626595
 11.626595
 11.626702
 11.626702
 11.626699
 11.626699
 11.626763
 11.626763
 11.626764
 11.626809
 11.626809
 11.626809
 11.626809
 11.626809
 11.626945
 11.626945
 11.626942
 11.626942
 11.626942
 11.626942
 11.626942
 11.626937
 11.626937
 11.626850
 11.626845
 11.626845
 11.626855
 11.626863
 11.629590
 11.630217
 11.630217
 11.630217
 11.630203
 11.630325
 11.630320
 11.630320
 11.630248
 11.630251
 11.630251
 11.630251
 11.630273
 11.630251
 11.630251
 11.630251
 11.630248
 11.630248
 11.630248
 11.630248
 11.630251
 11.630251
 11.630218
 11.630218
 11.630217
 11.630216
 11.630208
 11.630208
 11.630208
 11.630208
 11.630214
 11.630211
 11.630211
 11.630211
 11.631326
 11.631328
 11.631330
 11.631330
 11.631330
 11.631330
 11.631334
 11.631334
 11.631462
 11.631454
 11.631460
 11.631460
 11.631460
 11.631460
 11.631455
 11.631459
 11.631459
 11.631470
 11.631470
 11.631470
 11.631470
 11.631468
 11.631468
 11.631468
 11.631468
 11.631468
 11.631479
 11.631472
 11.631472
 11.631472
 11.631472
 11.631472
 11.631474
 11.631474
 11.631474
 11.631476
 11.631476
 11.632114
 11.632114
 11.632114
 11.632114
 11.632114
 11.632107
 11.632107
 11.632108
 11.632108
 11.632110
 11.632599
 11.632599
 11.632599
 11.632599
 11.632599
 11.632599
 11.632599
 11.632599
 11.632599
 11.632593
 11.632595
 11.632595
 11.632595
 11.632607
 11.632607
 11.632607
 11.632607
 11.632604
 11.632604
 11.632605
 11.632605
 11.632599
 11.633011
 11.633011
 11.633011
 11.634771
 11.634771
 11.634771
 11.634771
 11.634771
 11.634771
 11.634771
 11.634771
 11.634771
 11.634771
 11.634771
 11.634771
 11.634771
 11.634771
 11.636559
 11.636560
 11.636849
 11.636849
 11.636849
 11.637258
 11.638250
 11.638249
 11.638256
 11.638379
 11.638379
 11.638732
 11.638732
 11.638694
 11.638694
 11.638694
 11.609523
 11.610599
 11.610599
 11.610599
 11.607637
 11.605528
 11.605521
 11.605521
 11.605521
 11.605521
 11.605523
 11.605465
 11.599651
 11.599651
 11.599956
 11.593896
 11.590112
 11.590112
 11.590112
 11.590112
 11.590112
 11.590112
 11.590112
 11.589966
 11.589978
 11.589831
 11.589635
 11.589635
 11.589635
 11.589635
 11.588124
 11.587977
 11.587977
 11.587976
 11.587976
 11.587976
 11.587976
 11.587997
 11.588214
 11.588214
 11.577413
 11.577400
 11.577400
 11.577400
 11.576356
 11.576357
 11.576357
 11.576357
 11.576359
 11.576359
 11.576360
 11.576354
 11.576479
 11.576482
 11.576482
 11.576482
 11.576548
 11.576713
 11.576892
 11.576892
 11.576892
 11.574942
 11.574942
 11.574942
 11.574937
 11.574645
 11.574645
 11.574645
 11.574648
 11.574648
 11.574648
 11.574502
 11.574502
 11.574502
 11.574502
 11.574502
 11.574502
 11.574502
 11.574502
 11.574505
 11.574505
 11.574505
 11.574505
 11.574505
 11.574452
 11.574452
 11.574448
 11.574448
 11.574448
 11.574448
 11.574448
 11.574448
 11.574448
 11.574446
 11.574446
 11.574446
 11.574469
 11.574481
 11.574481
 11.574495
 11.574661
 11.574661
 11.574677
 11.574677
 11.574677
 11.574677
 11.574677
 11.575185
 11.575185
 11.575468
 11.575468
 11.575504
 11.576123
 11.576123
 11.576123
 11.576123
 11.576123
 11.576123
 11.576123
 11.576123
 11.576123
 11.576123
 11.576123
 11.576123
 11.576123
 11.576120
 11.576579
 11.576579
 11.576579
 11.576579
 11.576580
 11.576580
 11.576580
 11.576580
 11.576580
 11.576580
 11.576585
 11.576585
 11.576585
 11.576390
 11.576402
 11.576402
 11.576402
 11.576402
 11.576402
 11.576402
 11.576396
 11.576396
 11.576396
 11.576396
 11.576398
 11.576398
 11.576300
 11.576300
 11.576300
 11.576300
 11.576300
 11.576300
 11.576300
 11.576300
 11.578747
 11.578747
 11.578747
 11.578747
 11.578747
 11.578747
 11.578766
 11.578766
 11.578766
 11.578774
 11.578774
 11.578774
 11.578774
 11.579299
 11.579299
 11.579308
 11.579309
 11.579309
 11.579308
 11.579308
 11.579316
 11.580423
 11.580423
 11.580467
 11.580467
 11.580467
 11.580467
 11.580467
 11.580468
 11.580476
 11.580476
 11.580577
 11.580605
 11.580605
 11.581913
 11.581913
 11.581913
 11.581913
 11.582040
 11.582040
 11.582053
 11.582053
 11.582053
 11.582212
 11.582212
 11.582212
 11.582212
 11.582212
 11.582212
 11.582212
 11.582212
 11.582943
 11.582943
 11.582943
 11.582943
 11.582943
 11.582972
 11.583063
 11.583063
 11.583063
 11.583062
 11.583274
 11.583712
 11.583712
 11.583712
 11.583876
 11.583876
 11.585170
 11.585177
 11.585177
 11.585173
 11.585173
 11.585163
 11.585167
 11.585167
 11.585167
 11.585247
 11.585247
 11.585247
 11.585383
 11.585383
 11.585383
 11.585382
 11.585382
 11.585382
 11.585968
 11.585968
 11.583142
 11.583142
 11.583142
 11.583142
 11.584162
 11.584162
 11.584272
 11.584895
 11.584897
 11.584897
 11.584897
 11.584897
 11.584887
 11.584897
 11.584897
 11.584897
 11.585499
 11.585499
 11.585496
 11.585496
 11.585496
 11.585496
 11.578792
 11.578792
 11.578792
 11.578792
 11.578792
 11.578602
 11.578594
 11.578594
 11.578594
 11.578600
 11.573032
 11.573032
 11.572548
 11.572548
 11.572548
 11.572548
 11.568953
 11.568929
 11.568929
 11.568929
 11.566917
 11.566916
 11.566049
 11.566049
 11.566420
 11.566420
 11.566414
 11.566414
 11.566414
 11.566414
 11.566414
 11.566431
 11.566422
 11.566422
 11.566668
 11.567234
 11.567234
 11.567234
 11.567236
 11.567235
 11.567106
 11.567106
 11.565771
 11.565771
 11.565771
 11.565771
 11.565771
 11.561530
 11.561530
 11.561530
 11.561530
 11.561530
 11.561530
 11.561530
 11.561530
 11.561530
 11.561455
 11.561454
 11.561662
 11.561662
 11.561662
 11.561662
 11.561636
 11.561628
 11.561592
 11.561592
 11.561591
 11.561591
 11.561591
 11.561591
 11.561603
 11.561603
 11.561603
 11.561603
 11.561660
 11.561660
 11.561660
 11.561660
 11.561660
 11.561661
 11.561561
 11.561561
 11.561588
 11.561588
 11.561588
 11.561586
 11.398736
 11.398788
 11.398788
 11.322524
 11.322526
 11.322075
 11.322075
 11.322075
 11.322075
 11.322863
 11.322863
 11.322863
 11.322867
 11.322867
 11.322825
 11.322825
 11.322825
 11.322826
 11.322826
 11.322826
 11.322826
 11.322826
 11.322826
 11.322826
 11.322554
 11.322554
 11.309910
 11.309910
 11.309910
 11.307032
 11.307032
 11.307032
 11.300460
 11.300453
 11.300453
 11.300453
 11.300453
 11.300453
 11.286258
 11.286258
 11.286118
 11.285999
 11.285999
 11.285999
 11.285999
 11.285999
 11.285999
 11.286061
 11.286089
 11.284892
 11.284892
 11.284872
 11.284872
 11.284871
 11.284944
 11.284944
 11.284944
 11.284974
 11.284973
 11.284973
 11.284973
 11.285178
 11.285178
 11.285178
 11.285178
 288499
 11.288362
 11.288361
 11.288361
 1402
   