shade_wo_archive, std
343.507087
 300.465298
 224.061143
 181.837772
 157.919090
 139.113968
 120.275351
 102.620471
 100.297200
 89.994981
 73.353231
 62.886296
 56.117075
 52.985754
 44.835248
 43.056100
 36.255183
 34.142843
 37.371787
 32.562615
 28.668115
 26.346902
 25.310296
 23.841094
 24.053482
 22.100810
 21.866037
 21.339029
 17.860531
 16.604326
 16.158329
 16.176471
 15.972130
 15.788648
 17.238702
 17.104328
 16.322332
 16.559895
 17.201892
 17.268732
 16.735418
 15.300583
 15.226773
 14.765074
 14.686623
 14.583681
 13.964694
 14.284609
 13.999622
 13.342790
 13.167455
 13.520577
 14.713095
 14.189071
 14.255494
 13.828433
 14.092543
 14.023432
 13.819959
 13.821859
 13.856644
 13.574784
 13.513324
 13.365913
 13.157589
 12.395235
 12.133207
 11.843209
 11.725751
 11.305661
 11.116552
 10.896850
 10.579299
 10.948193
 10.948193
 10.937268
 10.964049
 10.198866
 10.146594
 10.363284
 10.363284
 9.453409
 9.474525
 9.494715
 9.404195
 9.292051
 9.292051
 8.826940
 8.819045
 8.739315
 8.975073
 8.975975
 9.086014
 9.086014
 8.896741
 8.617102
 8.898851
 8.898851
 8.899324
 8.826630
 8.826630
 8.847422
 8.847422
 8.663270
 8.650303
 8.460947
 8.293378
 8.138385
 8.092462
 8.092462
 7.964163
 7.964163
 7.675175
 7.640991
 7.435709
 7.326849
 7.258469
 7.342127
 7.342127
 7.354701
 7.295727
 7.295727
 7.295727
 7.688394
 7.667566
 7.772127
 7.810889
 7.797594
 7.330604
 7.404294
 7.095734
 7.115008
 7.115298
 7.115298
 6.961454
 7.166265
 7.083169
 7.504194
 7.520708
 7.544396
 7.473406
 7.435531
 7.557734
 7.430903
 7.330285
 7.330285
 7.821722
 8.013531
 8.010484
 7.955828
 7.847440
 7.823756
 7.811216
 7.436107
 7.399568
 7.544202
 7.586403
 7.572517
 7.516910
 7.517364
 7.508190
 7.241402
 7.032640
 7.039024
 7.010857
 7.132977
 7.137042
 7.327283
 7.288973
 7.295790
 7.250989
 7.340016
 7.335065
 7.029562
 6.740900
 6.074340
 6.093726
 6.124786
 6.169912
 6.174533
 6.178910
 6.306694
 6.353088
 5.957938
 5.851812
 5.856839
 6.074835
 6.074835
 6.128668
 6.112830
 6.266199
 6.264346
 6.317721
 6.380889
 6.241968
 6.233356
 6.083461
 5.863194
 5.863194
 5.916747
 5.872920
 5.812594
 5.755821
 5.823879
 5.819983
 5.631943
 5.258152
 5.209599
 5.338563
 5.243398
 5.308714
 5.388545
 5.311537
 5.347494
 5.217328
 5.125594
 5.161986
 5.134260
 5.124734
 5.143503
 5.074800
 4.977697
 4.567238
 4.614266
 4.611406
 4.411769
 4.314058
 4.340435
 4.489652
 4.419025
 4.554686
 4.609319
 4.619287
 4.595851
 4.629350
 4.671328
 4.635427
 4.797976
 4.716656
 4.726548
 4.627160
 4.442182
 4.370131
 4.335199
 4.377940
 4.522049
 4.317747
 4.322685
 4.086543
 4.044214
 3.923756
 3.805124
 3.808516
 3.807392
 3.516750
 3.517509
 3.545307
 3.601453
 3.689968
 3.783175
 3.852490
 3.611872
 3.663150
 3.637192
 3.546549
 3.559121
 3.547056
 3.622242
 3.548281
 3.545044
 3.422127
 3.217842
 3.079175
 3.022112
 2.909730
 2.691198
 2.646895
 2.490788
 2.455828
 2.433621
 2.394946
 2.389225
 2.359829
 2.291607
 2.295452
 2.313861
 2.215852
 2.273471
 2.254373
 2.110503
 2.089147
 2.093702
 2.074739
 2.064424
 2.060181
 2.073005
 2.047231
 2.043685
 2.055096
 1.981438
 1.994496
 2.011835
 2.000259
 1.979261
 1.748843
 1.731954
 1.698042
 1.686061
 1.671410
 1.679977
 1.682499
 1.663918
 1.700812
 1.693184
 1.677676
 1.642317
 1.536634
 1.547064
 1.541988
 1.396727
 1.421855
 1.400575
 1.444773
 1.455730
 1.448927
 1.463345
 1.458577
 1.445405
 1.443989
 1.461433
 1.301641
 1.301213
 1.297378
 1.192113
 1.204331
 1.094516
 1.107054
 1.091737
 1.115693
 1.138700
 1.079642
 1.072141
 1.067912
 1.009179
 1.008116
 1.006470
 1.012817
 1.033005
 1.021680
 0.936029
 0.932117
 0.938126
 0.924236
 0.947663
 0.905081
 0.897667
 0.915636
 0.896575
 0.901660
 0.890106
 0.892556
 0.885681
 0.885681
 0.906175
 0.934141
 0.903372
 0.904844
 0.890643
 0.891689
 0.882346
 0.825803
 0.834019
 0.840030
 0.835298
 0.836894
 0.801141
 0.794096
 0.827775
 0.824702
 0.836116
 0.834790
 0.819525
 0.774164
 0.735376
 0.734311
 0.686288
 0.670761
 0.645057
 0.654467
 0.654409
 0.652548
 0.642864
 0.630972
 0.599093
 0.595398
 0.591681
 0.561439
 0.563592
 0.569245
 0.541844
 0.517117
 0.523603
 0.516932
 0.513008
 0.527188
 0.515661
 0.499196
 0.475266
 0.480139
 0.481488
 0.491612
 0.476117
 0.461946
 0.434362
 0.420765
 0.424857
 0.430834
 0.383584
 0.399781
 0.413398
 0.409732
 0.398040
 0.389689
 0.388174
 0.380912
 0.381316
 0.374179
 0.369116
 0.370565
 0.360618
 0.363778
 0.353835
 0.347852
 0.346611
 0.308562
 0.316745
 0.315257
 0.304354
 0.298140
 0.290625
 0.291381
 0.293142
 0.294318
 0.287349
 0.284206
 0.282465
 0.280790
 0.290900
 0.287019
 0.287989
 0.284139
 0.284813
 0.283775
 0.274450
 0.256618
 0.259179
 0.259237
 0.260994
 0.262916
 0.265701
 0.274177
 0.276431
 0.253662
 0.240851
 0.241075
 0.241331
 0.236000
 0.235036
 0.225917
 0.219023
 0.218568
 0.225567
 0.229685
 0.219779
 0.215343
 0.212961
 0.216967
 0.219556
 0.197847
 0.197919
 0.198407
 0.190188
 0.187212
 0.184048
 0.184189
 0.186158
 0.186715
 0.187550
 0.179557
 0.162740
 0.157809
 0.157943
 0.160449
 0.161177
 0.149215
 0.139602
 0.139094
 0.134491
 0.127038
 0.125410
 0.123494
 0.116788
 0.115230
 0.116203
 0.113896
 0.112627
 0.105239
 0.106819
 0.107248
 0.097615
 0.098388
 0.097052
 0.098234
 0.099331
 0.096420
 0.093821
 0.087851
 0.079758
 0.078539
 0.075573
 0.076658
 0.077406
 0.078085
 0.078970
 0.076938
 0.075893
 0.073950
 0.069239
 0.066562
 0.067296
 0.066538
 0.065740
 0.065738
 0.064856
 0.061389
 0.061152
 0.057735
 0.058801
 0.058471
 0.050029
 0.049624
 0.046161
 0.047644
 0.047654
 0.047604
 0.047259
 0.043126
 0.042395
 0.038053
 0.037202
 0.037288
 0.036895
 0.035910
 0.037113
 0.036443
 0.036351
 0.037324
 0.036930
 0.037042
 0.036357
 0.036757
 0.035380
 0.031875
 0.032250
 0.029182
 0.028622
 0.027798
 0.027007
 0.027099
 0.027348
 0.027067
 0.025659
 0.025683
 0.025754
 0.025750
 0.025298
 0.023909
 0.023603
 0.023759
 0.023823
 0.020163
 0.019540
 0.019521
 0.019855
 0.018341
 0.018321
 0.018128
 0.017372
 0.017423
 0.017524
 0.017140
 0.017280
 0.017149
 0.017155
 0.017011
 0.016323
 0.014538
 0.013860
 0.013901
 0.013794
 0.013013
 0.013134
 0.012932
 0.010760
 0.009222
 0.008772
 0.008558
 0.008092
 0.007437
 0.007460
 0.007353
 0.006350
 0.006349
 0.006350
 0.006373
 0.006392
 0.006186
 0.006232
 0.006192
 0.005966
 0.005810
 0.005671
 0.005690
 0.005506
 0.005522
 0.005549
 0.004128
 0.004142
 0.003581
 0.003069
 0.003093
 0.002987
 0.003000
 0.002964
 0.002963
 0.002977
 0.002884
 0.001664
 0.001654
 0.001614
 0.001165
 0.001186
 0.001184
 0.001185
 0.001200
 0.001193
 0.001198
 0.001212
 0.001190
 0.001194
 0.001137
 0.001135
 0.001144
 0.001103
 0.001091
 0.001039
 0.000499
 0.000474
 0.000473
 0.000474
 0.000298
 0.000291
 0.000287
 0.000289
 0.000278
 0.000275
 0.000274
 0.000277
 0.000276
 0.000272
 0.000263
 0.000261
 0.000088
 0.000090
 0.000089
 0.000048
 0.000049
 0.000047
 0.000040
 0.000038
 0.000032
 0.000028
 0.000025
 0.000022
 0.000021
 0.000019
 0.000017
 0.000015
 0.000014
 0.000014
 0.000013
 0.000013
 0.000013
 0.000010
 0.000010
 0.000009
 0.000009
 0.000008
 0.000007
 0.000007
 0.000007
 0.000006
 0.000005
 0.000005
 0.000004
 0.000004
 0.000004
 0.000004
 0.000003
 0.000003
 0.000003
 0.000002
 0.000002
 0.000002
 0.000002
 0.000002
 0.000001
 0.000001
 0.000001
 0.000001
 0.000001
 0.000001
 0.000001
 0.000001
 0.000001
 0.000001
 0.000001
 0.000001
 0.000000
 0.000000
 0.000000
 0.000000
 0.000000
 0.000000
 0.000000
 0.000000
 0.000000
 0.000000
 0.000000
 0.000000
 0.000000
 0.000000
 0.000000
 0.000000
 0.000000
 0.000000
 0.000000
 0.000000
 0.000000
 0.000000
 0.000000
 0.000000
 0.000000
 0.000000
 0.000000
 0.000000
 0.000000
 0.000000
 0.000000
 0.000000
 0.000000
 0.000000
 0.000000
 0.000000
 0.000000
 0.000000
 0.000000
 0.000000
 0.000000
 0.000000
 0.000000
 0.000000
 0.000000
 0.000000
 0.000000
 0.000000
 0.000000
 0.000000
 0.000000
 0.000000
 0.000000
 0.000000
 0.000000
 0.000000
 0.000000
 0.000000
 0.000000
 0.000000
 0.000000
 0.000000
 0.000000
 0.000000
 0.000000
 0.000000
 0.000000
 0.000000
 0.000000
 0.000000
 0.000000
 0.000000
 0.000000
 0.000000
 0.000000
 0.000000
 0.000000
 0.000000
 0.000000
 0.000000
 0.000000
 0.000000
 0.000000
 0.000000
 0.000000
 0.000000
 0.000000
 0.000000
 0.000000
 0.000000
 0.000000
 0.000000
 0.000000
 0.000000
 0.000000
 0.000000
 0.000000
 0.000000
 0.000000
 0.000000
 0.000000
 0.000000
 0.000000
 0.000000
 0.000000
 0.000000
 0.000000
 0.000000
 0.000000
 0.000000
 0.000000
 0.000000
 0.000000
 0.000000
 0.000000
 0.000000
 0.000000
 0.000000
 0.000000
 0.000000
 0.000000
 0.000000
 0.000000
 0.000000
 0.000000
 0.000000
 0.000000
 0.000000
 0.000000
 0.000000
 0.000000
 0.000000
 0.000000
 0.000000
 0.000000
 0.000000
 0.000000
 0.000000
 0.000000
 0.000000
 0.000000
 0.000000
 0.000000
 0.000000
 0.000000
 0.000000
 0.000000
 0.000000
 0.000000
 0.000000
 0.000000
 0.000000
 0.000000
 0.000000
 0.000000
 0.000000
 0.000000
 0.000000
 0.000000
 0.000000
 0.000000
 0.000000
 0.000000
 0.000000
 0.000000
 0.000000
 0.000000
 0.000000
 0.000000
 0.000000
 0.000000
 0.000000
 0.000000
 0.000000
 0.000000
 0.000000
 0.000000
 0.000000
 0.000000
 0.000000
 0.000000
 0.000000
 0.000000
 0.000000
 0.000000
 0.000000
 0.000000
 0.000000
 0.000000
 0.000000
 0.000000
 0.000000
 0.000000
 0.000000
 0.000000
 0.000000
 0.000000
 0.000000
 0.000000
 0.000000
 0.000000
 0.000000
 0.000000
 0.000000
 0.000000
 0.000000
 0.000000
 0.000000
 0.000000
 0.000000
 0.000000
 0.000000
 0.000000
 0.000000
 0.000000
 0.000000
 0.000000
 0.000000
 0.000000
 0.000000
 0.000000
 0.000000
 0.000000
 0.000000
 0.000000
 0.000000
 0.000000
 0.000000
 0.000000
 0.000000
 0.000000
 0.000000
 0.000000
 0.000000
 0.000000
 0.000000
 0.000000
 0.000000
 0.000000
 0.000000
 0.000000
 0.000000
 0.000000
 0.000000
 0.000000
 0.000000
 0.000000
 0.000000
 0.000000
 0.000000
 0.000000
 0.000000
 0.000000
 0.000000
 0.000000
 0.000000
 0.000000
 0.000000
 0.000000
 0.000000
 0.000000
 0.000000
 0.000000
 0.000000
 0.000000
 0.000000
 0.000000
 0.000000
 0.000000
 0.000000
 0.000000
 0.000000
 0.000000
 0.000000
 0.000000
 0.000000
 0.000000
 0.000000
 0.000000
 0.000000
 0.000000
 0.000000
 0.000000
 0.000000
 0.000000
 0.000000
 0.000000
 0.000000
 0.000000
 0.000000
 0.000000
 0.000000
 0.000000
 0.000000
 0.000000
 0.000000
 0.000000
 0.000000
 0.000000
 0.000000
 0.000000
 0.000000
 0.000000
 0.000000
 0.000000
 0.000000
 0.000000
 0.000000
 0.000000
 0.000000
 0.000000
 0.000000
 0.000000
 0.000000
 0.000000
 0.000000
 0.000000
 0.000000
 0.000000
 0.000000
 0.000000
 0.000000
 0.000000
 0.000000
 0.000000
 0.000000
 0.000000
 0.000000
 0.000000
 0.000000
 0.000000
 0.000000
 0.000000
 0.000000
 0.000000
 0.000000
 0.000000
 0.000000
 0.000000
 0.000000
 0.000000
 0.000000
 0.000000
 0.000000
 0.000000
 0.000000
 0.000000
 0.000000
 0.000000
 0.000000
 0.000000
 0.000000
 0.000000
 0.000000
 0.000000
 0.000000
 0.000000
 0.000000
 0.000000
 0.000000
 0.000000
 0.000000
 0.000000
 0.000000
 0.000000
 0.000000
 0.000000
 0.000000
 0.000000
 0.000000
 0.000000
 0.000000
 0.000000
 0.000000
 0.000000
 0.000000
 0.000000
 0.000000
 0.000000
 0.000000
 0.000000
 0.000000
 0.000000
 0.000000
 0.000000
 0.000000
 0.000000
 0.000000
 0.000000
 0.000000
 0.000000
 0.000000
 0.000000
 0.000000
 0.000000
 0.000000
 0.000000
 0.000000
 0.000000
 0.000000
 0.000000
 0.000000
 0.000000
 0.000000
 0.000000
 0.000000
 0.000000
 0.000000
 0.000000
 0.000000
 0.000000
 0.000000
 0.000000
 0.000000
 0.000000
 0.000000
 0.000000
 0.000000
 0.000000
 0.000000
 0.000000
 0.000000
 0.000000
 0.000000
 0.000000
 0.000000
 0.000000
 0.000000
 0.000000
 0.000000
 0.000000
 0.000000
 0.000000
 0.000000
 0.000000
 0.000000
 0.000000
 0.000000
 0.000000
 0.000000
 0.000000
 0.000000
 0.000000
 0.000000
 0.000000
 0.000000
 0.000000
 0.000000
 0.000000
 0.000000
 0.000000
 0.000000
 0.000000
 0.000000
 0.000000
 0.000000
 0.000000
 0.000000
 0.000000
 0.000000
 0.000000
 0.000000
 0.000000
 0.000000
 0.000000
 0.000000
 0.000000
 0.000000
 0.000000
 0.000000
 0.000000
 0.000000
 0.000000
 0.000000
 0.000000
 0.000000
 0.000000
 0.000000
 0.000000
 0.000000
 0.000000
 0.000000
 0.000000
 0.000000
 0.000000
 0.000000
 0.000000
 0.000000
 0.000000
 0.000000
 0.000000
 0.000000
 0.000000
 0.000000
 0.000000
 0.000000
 0.000000
 0.000000
 0.000000
 0.000000
 0.000000
 0.000000
 0.000000
 0.000000
 0.000000
 0.000000
 0.000000
 0.000000
 0.000000
 0.000000
 0.000000
 0.000000
 0.000000
 0.000000
 0.000000
 0.000000
 0.000000
 0.000000
 0.000000
 0.000000
 0.000000
 0.000000
 0.000000
 0.000000
 0.000000
 0.000000
 0.000000
 0.000000
 0.000000
 0.000000
 0.000000
 0.000000
 0.000000
 0.000000
 0.000000
 0.000000
 0.000000
 0.000000
 0.000000
 0.000000
 0.000000
 0.000000
 0.000000
 0.000000
 0.000000
 0.000000
 0.000000
 0.000000
 0.000000
 0.000000
 0.000000
 0.000000
 0.000000
 0.000000
 0.000000
 0.000000
 0.000000
 0.000000
 0.000000
 0.000000
 0.000000
 0.000000
 0.000000
 0.000000
 0.000000
 0.000000
 0.000000
 0.000000
 0.000000
 0.000000
 0.000000
 0.000000
 0.000000
 0.000000
 0.000000
 0.000000
 0.000000
 0.000000
 0.000000
 0.000000
 0.000000
 0.000000
 0.000000
 0.000000
 0.000000
 0.000000
 0.000000
 0.000000
 0.000000
 0.000000
 0.000000
 0.000000
 0.000000
 0.000000
 0.000000
 0.000000
 0.000000
 0.000000
 0.000000
 0.000000
 0.000000
 0.000000
 0.000000
 0.000000
 0.000000
 0.000000
 0.000000
 0.000000
 0.000000
 0.000000
 0.000000
 0.000000
 0.000000
 0.000000
 0.000000
 0.000000
 0.000000
 0.000000
 0.000000
 0.000000
 0.000000
 0.000000
 0.000000
 0.000000
 0.000000
 0.000000
 0.000000
 0.000000
 0.000000
 0.000000
 0.000000
 0.000000
 0.000000
 0.000000
 0.000000
 0.000000
 0.000000
 0.000000
 0.000000
 0.000000
 0.000000
 0.000000
 0.000000
 0.000000
 0.000000
 0.000000
 0.000000
 0.000000
 0.000000
 0.000000
 0.000000
 0.000000
 0.000000
 0.000000
 0.000000
 0.000000
 0.000000
 0.000000
 0.000000
 0.000000
 0.000000
 0.000000
 0.000000
 0.000000
 0.000000
 0.000000
 0.000000
 0.000000
 0.000000
 0.000000
 0.000000
 0.000000
 0.000000
 0.000000
 0.000000
 0.000000
 0.000000
 0.000000
 0.000000
 0.000000
 0.000000
 0.000000
 0.000000
 0.000000
 0.000000
 0.000000
 0.000000
 0.000000
 0.000000
 0.000000
 0.000000
 0.000000
 0.000000
 0.000000
 0.000000
 0.000000
 0.000000
 0.000000
 0.000000
 0.000000
 0.000000
 0.000000
 0.000000
 0.000000
 0.000000
 0.000000
 0.000000
 0.000000
 0.000000
 0.000000
 0.000000
 0.000000
 0.000000
 0.000000
 0.000000
 0.000000
 0.000000
 0.000000
 0.000000
 0.000000
 0.000000
 0.000000
 0.000000
 0.000000
 0.000000
 0.000000
 0.000000
 0.000000
 0.000000
 0.000000
 0.000000
 0.000000
 0.000000
 0.000000
 0.000000
 0.000000
 0.000000
 0.000000
 0.000000
 0.000000
 0.000000
 0.000000
 0.000000
 0.000000
 0.000000
 0.000000
 0.000000
 0.000000
 0.000000
 0.000000
 0.000000
 0.000000
 0.000000
 0.000000
 0.000000
 0.000000
 0.000000
 0.000000
 0.000000
 0.000000
 0.000000
 0.000000
 0.000000
 0.000000
 0.000000
 0.000000
 0.000000
 0.000000
 0.000000
 0.000000
 0.000000
 0.000000
 0.000000
 0.000000
 0.000000
 0.000000
 0.000000
 0.000000
 0.000000
 0.000000
 0.000000
 0.000000
 0.000000
 0.000000
 0.000000
 0.000000
 0.000000
 0.000000
 0.000000
 0.000000
 0.000000
 0.000000
 0.000000
 0.000000
 0.000000
 0.000000
 0.000000
 0.000000
 0.000000
 0.000000
 0.000000
 0.000000
 0.000000
 0.000000
 0.000000
 0.000000
 0.000000
 0.000000
 0.000000
 0.000000
 0.000000
 0.000000
 0.000000
 0.000000
 0.000000
 0.000000
 0.000000
 0.000000
 0.000000
 0.000000
 0.000000
 0.000000
 0.000000
 0.000000
 0.000000
 0.000000
 0.000000
 0.000000
 0.000000
 0.000000
 0.000000
 0.000000
 0.000000
 0.000000
 0.000000
 0.000000
 0.000000
 0.000000
 0.000000
 0.000000
 0.000000
 0.000000
 0.000000
 0.000000
 0.000000
 0.000000
 0.000000
 0.000000
 0.000000
 0.000000
 0.000000
 0.000000
 0.000000
 0.000000
 0.000000
 0.000000
 0.000000
 0.000000
 0.000000
 0.000000
 0.000000
 0.000000
 0.000000
 0.000000
 0.000000
 0.000000
 0.000000
 0.000000
 0.000000
 0.000000
 0.000000
 0.000000
 0.000000
 0.000000
 0.000000
 0.000000
 0.000000
 0.000000
 0.000000
 0.000000
 0.000000
 0.000000
 0.000000
 0.000000
 0.000000
 0.000000
 0.000000
 0.000000
 0.000000
 0.000000
 0.000000
 0.000000
 0.000000
 0.000000
 0.000000
 0.000000
 0.000000
 0.000000
 0.000000
 0.000000
 0.000000
 0.000000
 0.000000
 0.000000
 0.000000
 0.000000
 0.000000
 0.000000
 0.000000
 0.000000
 0.000000
 0.000000
 0.000000
 0.000000
 0.000000
 0.000000
 0.000000
 0.000000
 0.000000
 0.000000
 0.000000
 0.000000
 0.000000
 0.000000
 0.000000
 0.000000
 0.000000
 0.000000
 0.000000
 0.000000
 0.000000
 0.000000
 0.000000
 0.000000
 0.000000
 0.000000
 0.000000
 0.000000
 0.000000
 0.000000
 0.000000
 0.000000
 0.000000
 0.000000
 0.000000
 0.000000
 0.000000
 0.000000
 0.000000
 0.000000
 0.000000
 0.000000
 0.000000
 0.000000
 0.000000
 0.000000
 0.000000
 0.000000
 0.000000
 0.000000
 0.000000
 0.000000
 0.000000
 0.000000
 0.000000
 0.000000
 0.000000
 0.000000
 0.000000
 0.000000
 0.000000
 0.000000
 0.000000
 0.000000
 0.000000
 0.000000
 0.000000
 0.000000
 0.000000
 0.000000
 0.000000
 0.000000
 0.000000
 0.000000
 0.000000
 0.000000
 0.000000
 0.000000
 0.000000
 0.000000
 0.000000
 0.000000
 0.000000
 0.000000
 0.000000
 0.000000
 0.000000
 0.000000
 0.000000
 0.000000
 0.000000
 0.000000
 0.000000
 0.000000
 0.000000
 0.000000
 0.000000
 0.000000
 0.000000
 0.000000
 0.000000
 0.000000
 0.000000
 0.000000
 0.000000
 0.000000
 0.000000
 0.000000
 0.000000
 0.000000
 0.000000
 0.000000
 0.000000
 0.000000
 0.000000
 0.000000
 0.000000
 0.000000
 0.000000
 0.000000
 0.000000
 0.000000
 0.000000
 0.000000
 0.000000
 0.000000
 0.000000
 0.000000
 0.000000
 0.000000
 0.000000
 0.000000
 0.000000
 0.000000
 0.000000
 0.000000
 0.000000
 0.000000
 0.000000
 0.000000
 0.000000
 0.000000
 0.000000
 0.000000
 0.000000
 0.000000
 0.000000
 0.000000
 0.000000
 0.000000
 0.000000
 0.000000
 0.000000
 0.000000
 0.000000
 0.000000
 0.000000
 0.000000
 0.000000
 0.000000
 0.000000
 0.000000
 0.000000
 0.000000
 0.000000
 0.000000
 0.000000
 0.000000
 0.000000
 0.000000
 0.000000
 0.000000
 0.000000
 0.000000
 0.000000
 0.000000
 0.000000
 0.000000
 0.000000
 0.000000
 0.000000
 0.000000
 0.000000
 0.000000
 0.000000
 0.000000
 0.000000
 0.000000
 0.000000
 0.000000
 0.000000
 0.000000
 0.000000
 0.000000
 0.000000
 0.000000
 0.000000
 0.000000
 0.000000
 0.000000
 0.000000
 0.000000
 0.000000
 0.000000
 0.000000
 0.000000
 0.000000
 0.000000
 0.000000
 0.000000
 0.000000
 0.000000
 0.000000
 0.000000
 0.000000
 0.000000
 0.000000
 0.000000
 0.000000
 0.000000
 0.000000
 0.000000
 0.000000
 0.000000
 0.000000
 0.000000
 0.000000
 0.000000
 0.000000
 0.000000
 0.000000
 0.000000
 0.000000
 0.000000
 0.000000
 0.000000
 0.000000
 0.000000
 0.000000
 0.000000
 0.000000
 0.000000
 0.000000
 0.000000
 0.000000
 0.000000
 0.000000
 0.000000
 0.000000
 0.000000
 0.000000
 0.000000
 0.000000
 0.000000
 0.000000
 0.000000
 0.000000
 0.000000
 0.000000
 0.000000
 0.000000
 0.000000
 0.000000
 0.000000
 0.000000
 0.000000
 0.000000
 0.000000
 0.000000
 0.000000
 0.000000
 0.000000
 0.000000
 0.000000
 0.000000
 0.000000
 0.000000
 0.000000
 0.000000
 0.000000
 0.000000
 0.000000
 0.000000
 0.000000
 0.000000
 0.000000
 0.000000
 0.000000
 0.000000
 0.000000
 0.000000
 0.000000
 0.000000
 0.000000
 0.000000
 0.000000
 0.000000
 0.000000
 0.000000
 0.000000
 0.000000
 0.000000
 0.000000
 0.000000
 0.000000
 0.000000
 0.000000
 0.000000
 0.000000
 0.000000
 0.000000
 0.000000
 0.000000
 0.000000
 0.000000
 0.000000
 0.000000
 0.000000
 0.000000
 0.000000
 0.000000
 0.000000
 0.000000
 0.000000
 0.000000
 0.000000
 0.000000
 0.000000
 0.000000
 0.000000
 0.000000
 0.000000
 0.000000
 0.000000
 0.000000
 0.000000
 0.000000
 0.000000
 0.000000
 0.000000
 0.000000
 0.000000
 0.000000
 0.000000
 0.000000
 0.000000
 0.000000
 0.000000
 0.000000
 0.000000
 0.000000
 0.000000
 0.000000
 0.000000
 0.000000
 0.000000
 0.000000
 0.000000
 0.000000
 0.000000
 0.000000
 .000000
 000
 00000
 0000
 0
 0.000000
 